5
3
5
0 0.2 0.6 0.3
2444 2504 2477
1 0.2 0.6 0.3
2507 2473 2454
2 0.2 0.5 0.4
2479 2503 2486
3 0.2 0.6 0.3
2598 2522 2553
4 0.1 0.3 0.5
2600 2503 2532
1000
0 14 101 288 3.16
146 155 750
1 0 60 213 5.39
171 250 949
2 18 0 245 0.53
63 243 187
3 53 9 129 0.85
385 71 77
4 1 0 176 2.01
113 107 602
5 26 20 174 1.21
96 84 469
6 9 7 156 0.78
372 69 60
7 3 4 227 0.29
221 36 40
8 22 113 241 3.73
156 156 802
9 46 93 258 0.11
142 21 25
10 8 12 250 6.16
185 1045 171
11 23 54 165 0.18
30 34 176
12 21 8 105 0.54
58 312 54
13 3 90 288 0.10
17 15 89
14 34 21 159 0.11
144 32 31
15 28 72 266 0.27
49 88 198
16 18 9 156 0.10
76 13 14
17 23 76 248 1.17
71 452 73
18 1 180 270 3.51
144 784 153
19 0 52 194 0.69
66 65 346
20 3 37 145 2.10
337 523 130
21 9 18 65 0.10
79 13 14
22 46 9 155 0.87
77 90 395
23 1 132 284 6.38
1056 197 216
24 12 113 285 1.88
379 437 118
25 18 27 161 0.10
13 13 61
26 48 15 258 0.10
127 26 23
27 15 128 284 1.73
550 111 103
28 14 37 288 0.11
135 30 29
29 9 5 107 0.22
40 194 42
30 20 68 249 0.51
312 58 54
31 2 148 227 0.10
48 11 10
32 65 90 283 0.51
55 295 66
33 8 13 242 6.80
921 598 234
34 8 130 272 0.10
18 108 18
35 1 6 136 0.25
43 209 41
36 23 81 141 0.10
130 24 24
37 5 8 122 0.10
16 15 85
38 1 119 204 0.16
40 38 166
39 17 2 284 0.10
98 20 20
40 16 1 287 2.51
136 126 654
41 30 0 206 0.10
122 21 21
42 54 136 260 0.28
40 221 52
43 17 94 282 0.49
288 60 59
44 34 49 193 2.20
114 113 610
45 5 25 268 1.77
90 98 568
46 76 6 202 0.10
11 55 10
47 45 29 205 0.10
6 5 24
48 16 68 229 0.10
12 41 11
49 1 0 242 1.29
82 478 86
50 135 32 190 0.10
33 5 6
51 5 16 236 1.85
96 111 584
52 13 55 201 0.51
61 63 291
53 1 175 288 1.01
408 87 87
54 26 14 260 0.10
0 0 0
55 1 74 259 3.82
380 737 167
56 1 11 246 5.19
949 156 181
57 38 81 149 0.10
1 1 1
58 7 2 59 1.13
73 444 74
59 11 75 224 0.61
65 55 333
60 26 93 189 0.22
31 30 201
61 30 63 283 0.10
126 29 31
62 3 24 267 0.31
42 43 231
63 10 0 118 14.05
1292 885 324
64 12 6 228 0.29
40 42 225
65 21 47 220 0.10
15 15 84
66 5 36 210 0.37
55 250 55
67 48 93 189 0.10
2 2 13
68 14 140 263 1.08
77 62 449
69 0 57 227 0.10
15 96 15
70 3 55 222 0.38
254 49 45
71 27 2 277 1.02
422 66 78
72 39 94 277 0.10
5 1 1
73 0 10 122 8.85
1303 208 218
74 17 99 287 0.10
24 124 24
75 18 4 91 15.06
357 1380 886
76 9 2 19 0.54
54 305 53
77 35 3 275 0.43
55 272 52
78 48 12 263 0.48
59 60 294
79 4 69 264 2.30
109 109 634
80 8 11 197 4.12
181 170 838
81 16 40 224 1.99
96 101 583
82 10 92 209 0.35
248 46 42
83 49 190 284 12.07
252 1443 407
84 13 25 284 0.13
30 32 152
85 58 196 282 1.31
84 89 487
86 53 33 150 0.10
11 9 53
87 45 48 140 0.31
241 40 45
88 20 34 175 0.10
98 22 21
89 20 53 186 0.51
54 64 296
90 30 6 144 0.10
8 40 8
91 150 6 250 1.02
77 246 364
92 76 190 272 0.10
43 8 8
93 20 45 259 0.13
154 32 34
94 17 43 111 5.63
191 192 973
95 10 31 60 6.93
236 1032 388
96 20 16 162 2.08
119 581 195
97 14 29 271 1.81
95 568 93
98 2 82 255 0.62
72 225 245
99 34 52 247 0.63
45 333 55
100 26 26 221 0.92
417 72 85
101 19 21 94 0.10
13 4 4
102 21 2 271 3.78
706 396 176
103 2 209 280 3.22
707 286 149
104 31 15 138 0.10
12 12 59
105 0 9 251 0.10
127 23 22
106 2 102 161 0.54
74 194 240
107 6 72 200 0.10
12 66 11
108 36 26 125 0.10
19 18 90
109 21 0 223 5.96
688 793 232
110 5 66 233 1.18
88 101 461
111 5 196 243 22.72
452 1642 1161
112 71 17 280 0.29
234 45 42
113 0 192 248 0.10
55 10 11
114 2 77 193 0.10
8 8 50
115 77 94 234 0.10
103 20 17
116 45 128 218 0.41
48 270 49
117 15 109 210 2.98
128 120 737
118 18 50 192 0.10
39 9 8
119 9 21 280 0.50
50 294 49
120 8 2 283 13.07
1398 579 266
121 35 130 284 0.81
74 76 372
122 28 0 113 0.10
33 9 9
123 37 194 287 1.63
556 111 89
124 14 12 183 0.10
21 3 3
125 50 96 278 0.12
27 27 149
126 69 43 165 0.10
107 18 16
127 13 53 250 0.53
263 178 64
128 2 200 222 0.52
67 57 307
129 9 3 287 0.50
56 296 57
130 7 135 253 0.86
86 315 232
131 1 16 240 14.44
307 377 1563
132 8 1 208 0.10
61 11 11
133 62 99 256 0.10
11 2 2
134 20 41 196 0.10
107 18 18
135 55 110 247 0.27
37 217 40
136 9 0 263 0.10
16 15 82
137 50 84 182 2.75
684 123 105
138 1 150 176 5.15
774 605 218
139 10 163 251 4.08
142 853 145
140 23 43 284 0.10
49 10 10
141 8 188 232 0.10
21 127 24
142 4 50 237 2.92
711 131 127
143 7 160 238 0.81
75 222 319
144 1 86 266 1.17
305 335 111
145 17 68 214 0.10
80 14 13
146 16 112 146 0.10
14 14 78
147 3 130 262 1.82
564 118 97
148 11 114 220 3.99
128 843 152
149 34 0 222 0.10
19 101 20
150 22 16 181 6.20
1004 248 214
151 3 34 263 0.15
31 164 33
152 20 19 133 4.07
386 776 156
153 28 1 72 0.28
35 40 219
154 16 76 233 0.16
29 31 170
155 42 69 280 0.10
25 119 43
156 6 61 196 2.38
398 528 147
157 41 155 247 2.49
135 611 253
158 17 4 151 1.35
486 94 92
159 11 46 166 1.01
92 80 428
160 15 164 270 4.66
154 904 184
161 42 52 256 4.41
174 185 868
162 7 25 94 0.10
60 11 10
163 4 147 265 2.18
124 110 614
164 1 268 285 2.24
628 108 121
165 49 92 246 3.08
112 130 751
166 13 174 286 2.48
133 236 622
167 7 90 268 0.17
171 29 29
168 4 0 160 5.21
206 892 343
169 10 66 283 1.07
86 90 427
170 16 22 273 3.76
142 815 146
171 5 104 224 0.10
11 71 11
172 18 27 288 0.10
41 7 7
173 19 2 51 0.10
26 27 125
174 9 135 261 6.96
1086 181 195
175 34 167 288 0.10
0 0 0
176 67 28 210 0.25
33 40 217
177 27 27 198 0.10
104 18 19
178 11 90 239 1.61
120 352 401
179 82 130 285 0.10
6 6 33
180 13 51 132 0.17
34 36 173
181 0 39 271 0.10
7 7 30
182 62 39 288 1.10
68 63 455
183 45 34 160 0.10
7 7 38
184 103 15 284 0.10
1 1 8
185 70 91 259 6.77
915 613 225
186 25 24 253 0.94
69 403 72
187 50 41 227 0.64
350 53 64
188 46 111 286 0.10
26 6 6
189 17 23 186 0.69
78 165 307
190 13 48 224 0.99
418 76 79
191 2 15 210 4.36
173 876 145
192 22 16 96 0.60
63 324 61
193 8 249 284 1.33
305 375 112
194 35 3 110 1.84
115 110 573
195 3 34 276 0.10
14 15 106
196 6 14 288 0.33
41 45 241
197 5 201 244 3.34
138 143 761
198 15 14 138 3.07
537 502 173
199 19 138 216 0.77
363 87 76
200 5 24 163 3.94
183 502 669
201 19 93 282 0.41
39 37 279
202 30 143 274 0.10
108 22 22
203 9 205 282 0.10
30 6 5
204 29 75 287 1.81
100 567 94
205 0 0 79 0.36
262 48 52
206 12 0 49 0.35
49 54 244
207 12 133 275 0.16
29 35 170
208 52 81 235 0.10
12 67 12
209 6 233 288 0.10
31 6 5
210 11 18 152 0.10
8 39 9
211 14 175 287 0.90
388 70 78
212 15 142 209 0.10
20 97 18
213 8 41 254 17.54
920 1510 389
214 5 62 271 0.11
26 25 143
215 25 38 225 5.21
933 196 167
216 14 216 288 5.27
244 875 416
217 45 101 232 0.48
305 51 47
218 1 68 206 1.01
76 420 82
219 33 141 281 1.33
77 77 482
220 12 25 246 0.22
196 32 34
221 26 19 280 0.75
62 68 356
222 10 1 107 3.05
137 733 127
223 8 4 235 1.02
64 423 64
224 35 46 280 0.22
196 31 34
225 26 140 260 3.24
128 766 127
226 10 45 254 0.56
308 61 68
227 12 68 189 0.10
21 122 22
228 1 17 279 42.21
2066 1781 642
229 24 25 285 0.17
169 32 33
230 1 61 273 2.18
126 131 627
231 65 19 262 0.10
14 83 15
232 21 52 181 9.15
228 239 1260
233 22 59 135 0.16
171 29 29
234 165 11 231 0.17
30 176 32
235 50 68 258 1.29
73 480 76
236 3 84 233 2.53
661 113 133
237 20 202 270 0.10
78 17 17
238 1 72 286 2.56
652 123 138
239 19 7 71 2.99
120 732 106
240 32 120 280 0.23
44 41 199
241 10 48 282 0.10
14 77 14
242 8 173 288 5.50
176 202 961
243 16 74 176 1.28
88 474 86
244 54 27 224 0.17
34 32 178
245 11 8 257 3.40
809 127 127
246 9 0 43 0.10
124 20 20
247 3 0 208 0.10
37 6 7
248 49 59 166 1.03
439 87 88
249 8 154 251 3.25
160 750 147
250 2 99 249 0.99
415 81 88
251 31 199 288 7.78
1218 228 192
252 13 146 250 0.10
9 49 9
253 18 138 253 0.21
36 34 196
254 8 23 136 5.23
194 339 905
255 0 0 20 0.10
69 12 12
256 23 52 212 0.18
34 36 177
257 22 15 49 0.13
157 26 27
258 7 143 214 0.73
372 66 71
259 19 36 236 0.70
69 351 80
260 5 5 171 0.33
252 38 43
261 29 32 92 0.10
41 8 7
262 1 0 263 0.31
45 41 236
263 9 144 190 3.39
144 771 154
264 22 3 117 3.16
128 736 147
265 3 6 229 10.32
1281 385 263
266 8 184 267 0.14
26 155 29
267 54 16 236 1.41
238 433 123
268 7 3 27 0.16
30 168 30
269 4 249 284 12.78
1453 453 291
270 18 192 288 0.36
246 48 49
271 9 137 270 0.10
7 27 7
272 8 32 212 0.16
34 167 35
273 4 27 274 20.94
1367 1358 361
274 1 36 230 0.11
138 26 23
275 11 19 200 0.10
34 9 9
276 8 0 31 3.47
133 781 164
277 21 21 280 1.25
467 84 97
278 13 101 256 1.26
474 80 76
279 15 0 204 3.01
570 454 170
280 13 66 269 0.10
9 48 8
281 0 165 207 0.10
24 6 5
282 27 37 170 0.10
90 16 18
283 5 116 252 1.43
461 184 107
284 11 11 252 11.94
340 1229 779
285 26 110 248 6.01
224 312 1004
286 14 210 259 0.16
114 121 41
287 17 79 211 0.32
46 238 46
288 26 197 288 0.12
33 65 125
289 26 0 175 0.13
25 156 29
290 16 9 248 0.10
53 10 11
291 13 45 240 0.10
26 116 29
292 49 37 129 0.34
40 42 240
293 6 104 288 0.10
120 41 20
294 2 132 240 5.53
772 664 216
295 47 84 283 0.10
115 20 19
296 11 1 190 1.40
97 488 99
297 32 76 263 0.14
28 26 154
298 6 83 199 0.40
45 266 48
299 9 2 81 0.27
44 67 204
300 4 8 263 0.50
66 208 212
301 10 4 136 0.16
33 166 28
302 0 207 286 3.90
140 838 152
303 10 79 278 0.10
12 13 66
304 5 151 238 40.83
544 1963 1863
305 2 39 226 0.60
320 68 64
306 17 67 210 0.10
11 86 12
307 20 117 152 0.10
81 17 19
308 101 37 281 0.10
21 20 92
309 53 0 169 0.10
79 13 15
310 19 8 278 0.10
112 18 16
311 5 17 248 1.40
520 84 80
312 9 75 233 4.51
195 190 873
313 2 137 251 15.51
1427 806 357
314 1 102 288 0.11
138 26 29
315 5 0 122 0.28
44 40 218
316 6 56 288 1.97
610 121 105
317 14 34 222 6.59
189 1082 176
318 29 132 280 2.97
146 132 712
319 22 0 284 0.77
367 72 75
320 2 3 288 4.09
880 162 162
321 12 31 248 0.21
190 36 29
322 21 121 230 9.66
1234 398 243
323 6 161 277 0.19
176 47 34
324 104 123 250 0.10
2 2 14
325 31 19 110 4.82
958 165 172
326 2 130 279 0.10
24 23 124
327 24 70 281 0.57
330 53 55
328 20 166 285 0.10
102 16 18
329 29 48 276 0.10
3 3 9
330 2 243 288 10.90
262 1376 290
331 26 61 207 3.00
717 130 148
332 9 7 129 3.67
144 151 798
333 4 7 192 0.18
29 34 174
334 39 22 230 0.26
48 162 148
335 8 98 252 1.00
85 420 88
336 9 38 222 0.10
10 49 10
337 16 0 180 6.68
1122 198 225
338 36 9 174 0.10
8 34 7
339 22 44 262 0.10
26 123 23
340 14 19 153 0.10
8 45 8
341 0 109 251 0.15
32 164 28
342 3 178 210 0.19
185 42 40
343 19 50 133 0.10
11 58 12
344 2 80 169 2.28
104 114 631
345 2 148 276 0.87
68 386 78
346 11 15 182 3.39
320 720 154
347 9 9 202 2.15
350 520 141
348 5 67 208 0.10
19 20 134
349 8 151 247 0.10
28 133 32
350 2 0 20 0.10
25 6 6
351 44 11 278 1.34
237 427 95
352 22 2 119 0.10
87 20 18
353 10 18 188 0.89
395 67 66
354 141 33 183 0.34
43 250 39
355 13 1 92 1.00
417 66 80
356 24 53 144 0.28
220 35 39
357 1 21 250 0.40
45 49 273
358 5 103 270 0.25
205 65 34
359 28 9 227 0.10
52 36 11
360 18 39 265 0.29
38 34 224
361 27 24 130 0.10
136 24 25
362 24 2 75 0.45
291 56 46
363 18 34 134 0.18
35 180 33
364 15 236 286 0.51
53 60 296
365 86 50 229 0.10
23 105 20
366 2 0 8 0.11
136 22 24
367 15 14 258 0.28
46 219 45
368 19 56 235 10.10
245 255 1322
369 6 104 220 2.35
642 121 125
370 4 7 200 1.14
468 72 80
371 14 221 278 3.96
155 143 847
372 10 141 201 0.10
37 5 5
373 5 195 269 0.59
320 56 60
374 5 190 260 0.49
289 55 58
375 0 0 159 1.13
458 92 95
376 10 195 286 4.08
176 161 826
377 17 11 71 0.10
18 18 84
378 8 57 268 2.71
696 107 118
379 3 3 151 1.20
89 86 453
380 6 87 272 0.10
93 18 18
381 1 53 111 0.29
43 42 224
382 5 9 182 4.81
150 926 150
383 23 38 150 1.92
436 376 142
384 31 26 151 1.04
82 422 74
385 63 165 288 0.10
79 13 13
386 0 37 96 0.25
36 212 37
387 10 19 274 16.74
819 1519 392
388 26 35 282 0.50
307 60 54
389 11 24 154 0.78
68 371 65
390 4 3 274 0.66
66 65 338
391 9 5 46 0.10
5 14 5
392 21 36 121 0.10
92 17 15
393 0 180 271 0.10
93 15 14
394 18 0 185 2.06
123 126 585
395 40 11 233 0.10
13 58 13
396 3 0 213 20.11
472 1352 1304
397 67 7 235 0.16
32 30 165
398 31 16 272 1.16
86 453 74
399 75 42 284 0.10
5 6 27
400 29 148 264 0.78
384 70 70
401 28 67 124 0.36
54 252 48
402 16 17 197 0.91
397 71 78
403 17 28 278 0.50
66 58 300
404 1 63 271 0.73
77 70 352
405 6 29 242 0.10
12 67 11
406 39 57 222 1.57
520 97 97
407 8 170 288 1.55
544 85 100
408 10 206 287 0.10
6 1 1
409 22 15 94 2.72
136 697 125
410 77 28 194 0.10
3 11 3
411 7 58 269 16.81
292 630 1618
412 2 79 216 0.10
99 19 19
413 49 47 225 0.11
23 22 140
414 20 22 156 0.11
25 27 142
415 9 39 171 0.35
48 97 226
416 32 22 274 0.10
11 10 68
417 9 24 251 0.93
314 277 88
418 42 30 150 0.21
33 190 39
419 29 2 246 0.10
10 10 42
420 2 71 264 0.28
47 96 198
421 2 79 268 6.41
169 245 1045
422 2 87 168 0.10
7 8 54
423 34 74 154 1.51
87 101 526
424 2 49 285 0.10
15 77 17
425 2 55 142 5.44
184 922 336
426 13 82 249 2.20
141 144 624
427 5 6 280 1.07
71 433 69
428 28 20 132 0.49
55 296 57
429 9 139 276 1.05
85 75 435
430 3 0 132 1.02
94 95 414
431 10 2 72 0.19
190 33 31
432 28 33 139 0.90
151 368 95
433 13 85 255 3.55
149 140 808
434 34 18 218 0.99
415 84 82
435 52 20 208 0.20
182 33 30
436 26 36 254 0.10
9 8 51
437 40 171 288 0.10
84 18 17
438 1 109 269 0.10
15 16 83
439 17 8 241 0.81
74 376 72
440 63 107 262 2.14
642 99 98
441 20 76 165 0.26
222 40 36
442 7 27 240 2.59
287 620 136
443 69 16 180 0.10
3 7 3
444 30 192 248 0.10
15 15 71
445 6 174 288 1.11
82 84 439
446 26 5 252 0.39
48 263 50
447 3 184 236 0.10
33 7 7
448 6 226 283 0.10
1 8 1
449 32 127 183 1.61
555 92 95
450 6 252 282 0.31
42 41 233
451 11 178 256 0.50
54 298 51
452 15 4 251 1.08
436 78 79
453 26 73 165 0.22
41 193 43
454 6 168 208 7.22
1169 207 222
455 20 98 266 0.10
79 15 14
456 4 72 148 0.15
32 32 159
457 3 92 287 1.64
533 97 118
458 8 0 50 0.22
42 196 41
459 46 4 152 0.10
16 16 81
460 2 44 286 0.12
23 26 149
461 48 10 233 0.11
25 142 25
462 9 69 141 0.41
49 272 48
463 54 14 272 0.14
153 24 27
464 21 122 258 0.10
77 15 16
465 18 222 288 0.10
95 17 19
466 6 13 287 0.10
3 3 10
467 0 144 222 0.47
55 288 55
468 9 12 280 0.10
9 43 9
469 14 26 253 0.71
348 56 57
470 20 21 201 14.44
311 364 1565
471 6 13 233 0.10
19 4 4
472 2 27 149 0.99
145 395 93
473 18 94 150 2.76
123 698 134
474 24 60 283 1.47
90 512 81
475 23 224 270 0.24
200 57 38
476 8 1 65 0.10
84 17 17
477 9 0 156 0.43
286 47 46
478 50 22 230 0.10
105 18 19
479 21 54 201 0.10
38 7 7
480 39 1 96 0.10
9 8 41
481 105 82 206 0.10
81 19 17
482 9 0 39 1.25
485 95 90
483 10 21 267 0.67
361 52 53
484 25 9 256 0.42
55 274 49
485 160 70 255 0.29
35 33 222
486 9 105 288 0.10
11 10 49
487 66 4 255 0.24
37 39 205
488 14 18 250 0.96
427 75 76
489 22 47 191 0.19
188 46 39
490 8 40 264 3.44
139 134 775
491 4 31 133 10.40
234 227 1350
492 24 185 278 0.52
301 55 61
493 13 0 263 2.13
119 112 625
494 22 90 284 0.43
269 47 46
495 2 24 204 4.97
179 497 804
496 6 44 253 0.84
382 65 63
497 2 4 137 0.15
34 161 34
498 10 169 213 4.51
866 172 176
499 30 165 277 0.10
50 10 10
500 41 30 239 0.26
44 92 190
501 5 6 56 0.10
20 20 121
502 24 121 282 0.56
58 54 312
503 28 10 206 0.13
31 152 27
504 5 76 214 0.10
5 5 23
505 3 135 250 0.10
25 122 26
506 8 119 287 1.03
428 72 73
507 1 55 257 0.55
304 55 56
508 11 117 260 15.82
348 1553 657
509 1 83 284 12.16
292 700 1298
510 0 12 77 1.43
516 114 96
511 29 206 278 7.15
1117 187 190
512 8 165 279 14.89
309 591 1517
513 26 77 249 0.10
2 14 2
514 35 28 225 0.41
55 54 274
515 14 29 206 2.42
106 653 126
516 6 229 288 0.10
93 15 17
517 25 30 275 0.16
29 30 165
518 18 147 286 2.89
674 262 141
519 27 218 268 0.10
13 56 13
520 14 183 248 0.17
34 172 31
521 17 22 96 0.16
28 168 33
522 56 73 283 0.22
33 202 33
523 37 2 168 1.07
433 81 87
524 2 0 112 1.78
84 564 100
525 28 242 288 1.53
97 101 525
526 1 42 128 1.35
99 97 478
527 2 46 281 10.65
260 1359 353
528 31 33 264 0.56
57 65 305
529 70 76 234 0.16
35 34 164
530 5 8 129 22.32
467 1648 1171
531 29 114 234 0.19
191 32 36
532 5 8 19 1.08
76 433 70
533 58 19 84 0.10
6 7 46
534 20 31 229 0.40
277 52 46
535 3 1 272 0.10
1 1 7
536 2 49 149 0.10
6 6 26
537 16 85 208 2.56
140 126 660
538 5 70 191 0.85
74 381 74
539 6 124 201 0.37
251 50 46
540 18 61 287 1.65
543 88 91
541 4 18 286 1.14
79 444 75
542 8 223 286 10.97
1453 243 217
543 1 34 228 0.11
26 141 30
544 115 43 228 0.10
18 4 4
545 56 0 275 0.92
75 80 397
546 23 161 280 0.17
35 31 178
547 12 92 186 1.00
80 417 85
548 7 85 278 0.91
80 397 79
549 36 58 253 0.10
12 3 3
550 13 79 227 13.59
363 1094 1093
551 11 104 274 1.04
423 79 79
552 69 54 235 0.11
136 22 23
553 8 139 173 0.10
16 16 102
554 5 0 240 0.42
50 49 268
555 37 124 175 0.16
29 32 171
556 44 6 180 3.39
122 777 142
557 18 0 254 1.09
438 83 83
558 8 24 261 0.82
65 381 66
559 2 30 206 0.30
228 42 41
560 27 12 248 0.10
9 10 49
561 16 186 255 1.05
428 85 81
562 5 245 286 2.40
137 567 339
563 2 2 190 0.10
2 8 2
564 3 60 281 1.90
138 482 332
565 12 1 197 0.10
5 13 5
566 3 67 262 0.10
3 3 12
567 23 122 252 2.12
604 114 116
568 74 12 284 0.10
97 18 17
569 38 15 254 1.05
447 69 82
570 11 99 239 0.10
22 21 95
571 9 109 281 5.87
990 182 203
572 18 80 249 8.65
418 1178 242
573 19 37 146 0.10
6 26 6
574 85 72 253 0.16
28 25 167
575 4 38 108 0.81
390 75 79
576 36 63 159 0.10
5 6 24
577 18 0 141 1.25
72 68 466
578 5 9 84 0.18
30 179 30
579 12 14 115 0.49
64 232 184
580 74 55 215 0.10
129 27 23
581 34 172 239 0.26
168 145 51
582 4 126 288 20.27
1838 569 325
583 11 17 198 1.08
436 80 87
584 28 45 147 6.64
166 1088 188
585 16 30 268 0.10
20 18 103
586 24 76 175 0.10
15 13 67
587 10 57 262 0.16
35 73 149
588 29 132 260 1.05
70 427 76
589 6 90 202 0.10
3 3 12
590 20 41 255 0.33
43 46 245
591 5 73 251 0.74
74 361 79
592 44 35 205 0.21
197 38 39
593 29 38 227 5.50
206 386 907
594 6 0 56 0.14
28 28 159
595 19 23 213 0.10
5 25 5
596 1 154 278 0.32
46 80 222
597 13 21 288 6.07
1022 199 192
598 1 7 14 2.98
132 720 163
599 24 59 285 0.27
213 47 51
600 3 233 262 8.38
276 608 1055
601 25 67 265 0.10
23 24 135
602 29 85 278 0.10
13 13 76
603 45 67 263 1.33
109 102 484
604 27 77 142 0.59
321 66 65
605 35 3 284 0.19
38 179 35
606 28 190 286 9.95
247 1311 216
607 43 36 148 0.67
59 347 66
608 2 217 272 3.74
819 129 132
609 19 73 281 3.14
733 145 144
610 3 19 241 0.10
13 67 12
611 6 8 187 0.90
70 67 396
612 40 90 256 0.10
2 1 1
613 65 20 214 0.19
37 32 180
614 9 18 92 0.23
33 205 31
615 84 13 168 1.68
105 100 554
616 87 27 204 0.14
162 29 30
617 0 57 267 1.93
110 467 376
618 0 81 266 1.87
109 542 210
619 8 6 263 0.37
258 46 42
620 9 156 280 1.31
92 479 94
621 14 26 214 0.10
15 4 4
622 53 56 199 0.10
1 1 8
623 7 226 269 11.16
1468 229 220
624 20 126 274 0.10
96 14 16
625 0 124 187 4.93
177 927 185
626 16 46 145 0.35
51 143 204
627 9 139 222 0.30
43 41 231
628 3 75 273 0.10
4 4 26
629 9 68 191 0.59
60 61 325
630 10 87 279 1.49
80 89 510
631 6 19 115 6.48
211 1067 180
632 14 7 276 0.10
2 2 13
633 9 170 238 7.36
201 278 1139
634 0 6 203 2.67
292 636 134
635 24 91 254 0.10
16 16 82
636 2 14 113 31.56
488 1948 1433
637 0 1 111 0.10
22 121 19
638 61 123 221 0.16
27 25 166
639 3 124 179 1.64
87 91 530
640 34 0 195 0.12
140 24 25
641 23 30 117 0.55
322 62 53
642 15 57 212 0.16
175 27 31
643 12 163 236 1.30
81 91 476
644 35 217 288 0.27
37 39 215
645 7 17 184 0.30
41 41 227
646 9 46 235 0.10
99 19 18
647 21 75 146 0.14
152 31 29
648 8 33 286 7.25
382 1070 253
649 4 203 270 0.10
90 20 20
650 5 43 249 0.23
36 202 35
651 4 65 247 12.65
298 667 1348
652 58 10 202 0.10
0 0 0
653 91 117 259 0.32
43 47 233
654 29 161 256 0.31
241 45 51
655 4 40 167 0.10
1 1 8
656 3 86 282 4.39
181 319 825
657 20 74 207 0.10
13 3 3
658 19 0 38 0.10
74 16 14
659 3 27 273 1.56
120 462 259
660 48 5 268 3.65
134 140 816
661 51 39 221 0.10
13 11 48
662 26 146 231 0.10
17 69 15
663 40 4 104 3.16
150 740 164
664 22 47 192 0.52
299 65 63
665 31 7 148 1.32
101 422 232
666 6 159 204 0.50
310 54 49
667 12 71 139 1.36
481 79 84
668 1 3 276 15.00
364 1385 869
669 17 186 230 0.10
17 16 90
670 1 183 249 1.01
414 66 78
671 17 82 198 0.28
37 223 36
672 3 3 244 0.25
46 70 196
673 26 83 119 0.45
291 51 58
674 19 55 200 2.85
277 659 154
675 16 173 251 6.29
1029 200 178
676 6 56 201 0.10
3 7 3
677 10 164 284 0.57
270 163 69
678 39 77 211 0.70
83 350 69
679 14 62 258 0.25
40 208 45
680 55 65 204 0.10
128 26 29
681 15 1 275 0.39
43 48 260
682 2 185 288 5.03
194 272 906
683 14 21 288 2.12
598 134 123
684 2 0 124 0.14
29 29 159
685 5 183 245 11.82
1315 576 273
686 5 24 210 0.61
68 158 291
687 7 22 274 0.10
10 10 48
688 0 64 252 0.12
154 27 25
689 42 9 208 1.47
96 508 98
690 16 177 288 0.10
135 29 27
691 7 38 73 0.10
19 4 4
692 7 139 254 0.10
26 113 24
693 36 69 196 0.10
2 2 5
694 0 101 183 6.81
241 222 1075
695 83 53 288 0.10
11 12 78
696 67 5 168 0.25
32 34 208
697 46 108 285 1.07
86 434 74
698 2 131 234 1.04
423 96 87
699 188 13 267 0.10
12 12 70
700 5 152 235 13.48
1608 261 266
701 49 43 215 2.54
116 105 668
702 16 22 186 0.10
2 2 5
703 10 15 237 0.10
89 19 18
704 19 64 176 0.10
5 28 5
705 8 18 262 2.13
98 107 609
706 11 48 268 0.10
20 21 111
707 25 0 223 0.43
285 57 54
708 3 43 281 0.10
29 6 6
709 29 5 134 0.40
44 45 261
710 10 1 276 0.10
89 15 15
711 27 8 269 0.10
23 5 5
712 19 0 232 1.18
452 78 89
713 42 0 138 0.10
10 54 10
714 71 78 247 1.50
108 97 504
715 5 93 280 1.21
84 460 94
716 79 44 179 0.25
32 33 210
717 27 124 286 0.29
216 65 42
718 29 196 237 0.74
356 60 58
719 2 142 240 2.70
139 693 128
720 75 71 242 0.18
34 31 179
721 37 8 196 0.27
36 223 34
722 23 79 236 0.10
84 17 15
723 22 36 188 0.10
22 111 42
724 9 31 220 1.54
95 515 90
725 11 232 281 0.13
33 34 144
726 7 12 149 0.10
21 4 4
727 17 3 252 1.64
102 99 532
728 26 118 245 3.50
152 783 154
729 114 5 267 0.10
34 5 5
730 43 42 189 0.10
15 97 16
731 2 54 159 0.10
2 1 1
732 6 90 142 1.60
554 90 85
733 12 85 235 4.80
182 249 888
734 3 0 202 12.05
1205 797 325
735 75 40 215 0.92
421 59 68
736 2 85 282 0.68
81 222 267
737 47 64 247 0.44
288 53 55
738 14 37 255 0.10
110 18 20
739 5 38 128 14.64
993 1279 330
740 45 89 258 0.18
33 33 176
741 5 201 276 0.10
1 9 1
742 10 65 222 1.12
97 378 237
743 13 79 263 15.32
298 1564 581
744 9 260 288 0.10
90 17 17
745 0 113 184 0.73
76 72 353
746 4 103 216 0.33
239 38 42
747 1 62 133 0.10
8 8 39
748 26 234 288 15.20
321 606 1527
749 33 59 208 0.50
64 66 287
750 10 196 266 0.10
9 46 8
751 19 2 284 0.10
18 17 103
752 9 185 250 0.29
217 65 41
753 5 15 225 2.16
112 538 306
754 5 38 214 0.39
203 179 53
755 22 95 275 0.23
34 203 37
756 10 164 272 0.23
28 207 33
757 8 1 248 3.72
134 142 823
758 4 187 279 0.11
22 141 22
759 13 61 234 0.45
46 48 289
760 34 243 288 4.57
197 165 910
761 47 61 273 0.10
110 18 20
762 21 99 281 0.10
72 17 15
763 62 9 232 0.10
53 11 10
764 30 6 142 1.31
82 68 475
765 27 47 145 1.09
434 84 95
766 21 54 222 0.10
13 2 2
767 6 122 278 0.10
119 19 18
768 14 60 266 1.61
108 316 433
769 16 3 117 1.41
201 459 94
770 9 43 202 0.71
78 352 78
771 17 25 169 0.10
16 17 73
772 19 35 188 0.89
386 84 86
773 95 154 284 0.33
42 40 238
774 17 0 270 0.52
47 307 46
775 98 40 189 0.10
58 12 11
776 9 117 231 0.10
12 2 2
777 0 35 275 0.37
260 60 55
778 19 144 208 0.43
55 50 282
779 16 81 180 0.72
372 61 62
780 35 1 162 0.10
2 7 2
781 10 96 256 2.35
106 112 642
782 8 73 253 0.10
13 15 68
783 26 25 240 0.60
69 317 68
784 15 19 171 0.10
81 17 15
785 9 13 285 0.10
11 32 7
786 52 9 238 0.77
62 373 59
787 8 191 277 0.10
109 17 18
788 29 1 178 1.21
94 78 457
789 26 160 209 1.68
566 97 100
790 29 45 237 2.55
150 620 248
791 27 30 85 1.67
544 97 90
792 3 141 262 8.33
250 401 1174
793 5 3 131 0.10
16 16 84
794 21 17 78 3.30
131 142 755
795 9 45 267 2.92
140 138 706
796 99 13 211 0.10
2 15 2
797 2 171 288 1.36
503 108 95
798 56 18 280 0.10
11 10 54
799 14 43 263 1.05
73 431 81
800 11 3 81 2.72
122 694 115
801 7 81 179 0.33
44 242 43
802 5 21 279 0.10
76 14 13
803 64 72 232 0.11
137 23 22
804 12 17 266 0.10
97 20 19
805 70 50 164 0.10
10 54 9
806 32 185 228 0.10
5 1 1
807 21 19 250 0.10
3 10 3
808 24 2 154 0.41
266 51 55
809 18 189 273 0.10
6 1 1
810 1 13 151 0.10
11 12 55
811 43 3 247 0.10
18 3 3
812 3 106 269 1.17
471 87 82
813 43 6 205 0.32
249 39 38
814 20 153 223 2.10
296 543 141
815 38 13 150 0.10
14 84 14
816 5 47 217 0.41
265 50 55
817 3 206 271 1.85
110 530 240
818 13 13 67 4.04
165 842 163
819 16 96 165 1.11
443 82 81
820 8 77 275 0.14
30 157 27
821 2 13 270 4.62
876 179 175
822 9 36 159 5.48
973 186 173
823 0 31 212 10.97
259 245 1381
824 2 142 265 4.82
187 916 173
825 9 27 279 1.23
465 91 85
826 1 24 242 0.31
232 43 47
827 7 14 124 0.10
5 29 5
828 1 215 248 6.83
228 1094 185
829 3 0 265 1.75
94 114 561
830 7 142 288 0.10
82 13 12
831 28 9 275 7.63
241 457 1095
832 13 1 279 0.16
162 32 34
833 63 80 192 0.28
53 162 156
834 3 93 232 0.24
49 204 40
835 12 143 257 3.08
135 147 750
836 11 11 131 0.19
178 32 32
837 21 53 254 0.43
62 269 60
838 27 4 145 0.10
18 16 111
839 16 177 279 4.22
150 165 845
840 16 0 19 1.48
525 117 95
841 5 7 273 0.84
66 384 73
842 9 114 288 18.18
359 1749 544
843 11 10 79 0.10
90 21 22
844 2 7 207 23.63
404 1708 1214
845 84 29 286 0.10
132 42 21
846 2 9 167 0.20
38 185 36
847 3 4 258 0.58
60 316 60
848 19 121 256 1.87
370 437 135
849 56 23 101 0.10
1 1 1
850 14 29 249 0.10
19 84 21
851 16 215 279 0.56
312 53 51
852 5 34 158 0.96
400 89 95
853 32 7 286 0.10
1 1 8
854 18 65 112 1.41
519 90 80
855 22 25 161 0.94
105 326 235
856 6 197 238 0.52
299 54 59
857 7 93 242 3.01
714 158 146
858 36 112 288 0.63
285 194 72
859 2 6 247 2.52
112 99 686
860 16 92 165 0.10
11 2 2
861 16 57 233 0.12
29 29 142
862 9 55 288 0.72
76 70 345
863 1 55 207 24.74
1216 1722 419
864 23 20 281 2.90
134 197 694
865 3 26 277 2.84
119 712 120
866 9 32 135 0.75
361 69 58
867 10 50 188 4.34
165 278 854
868 1 162 263 7.80
242 713 941
869 44 79 206 0.43
46 272 50
870 123 44 269 0.10
56 10 11
871 16 152 288 17.74
1308 1163 430
872 11 25 286 0.25
39 207 44
873 1 49 280 0.54
306 56 52
874 1 171 232 0.10
19 21 95
875 32 197 274 0.56
65 310 56
876 7 82 178 0.28
36 222 36
877 26 62 288 0.10
6 32 7
878 55 44 148 0.10
11 10 59
879 46 92 239 0.15
172 27 29
880 0 21 266 0.10
1 1 8
881 29 13 235 2.54
123 128 654
882 48 96 247 0.15
167 35 31
883 19 25 242 0.10
86 17 18
884 55 34 154 3.21
115 758 121
885 5 129 275 0.24
201 45 35
886 3 51 225 1.72
115 112 539
887 17 20 283 3.61
366 714 177
888 18 3 277 0.15
31 31 161
889 0 195 280 1.12
87 86 434
890 48 91 226 0.10
37 8 9
891 4 0 66 0.21
41 187 33
892 120 37 199 0.10
10 26 6
893 28 45 282 0.10
9 8 38
894 6 212 260 0.23
35 38 198
895 4 25 248 33.92
524 1805 1673
896 40 102 263 0.24
201 39 45
897 6 112 189 8.80
196 213 1244
898 21 77 261 0.10
19 20 90
899 9 18 274 0.41
263 51 44
900 21 102 276 0.97
406 83 84
901 9 166 276 11.07
1378 256 279
902 82 28 249 0.10
0 0 0
903 8 27 238 0.10
13 78 15
904 29 21 226 0.10
6 7 43
905 5 175 243 1.05
83 75 435
906 1 75 180 0.13
26 30 151
907 11 33 269 0.10
72 14 17
908 30 180 264 0.10
30 120 33
909 11 196 234 15.37
307 1596 552
910 5 12 253 7.83
1143 221 225
911 48 107 240 0.10
12 45 11
912 3 27 243 6.20
219 1033 220
913 71 16 282 1.34
503 101 84
914 21 45 230 13.47
1059 1133 322
915 21 237 288 0.41
49 270 48
916 4 55 167 0.18
32 176 32
917 10 142 204 0.14
30 159 26
918 2 2 202 0.91
59 400 61
919 33 115 248 0.10
10 67 12
920 19 208 288 0.69
340 68 67
921 30 59 216 0.18
182 28 27
922 3 215 288 1.34
70 491 78
923 24 63 171 1.21
404 207 112
924 1 16 275 4.29
189 153 858
925 1 0 113 0.32
44 237 39
926 14 93 238 0.12
23 22 147
927 18 50 121 1.36
77 88 487
928 7 0 107 26.86
488 1936 1087
929 59 102 216 0.83
380 76 74
930 60 38 251 0.57
68 55 308
931 145 45 226 0.12
144 26 30
932 21 79 284 2.79
312 638 136
933 7 187 222 2.26
125 118 621
934 38 59 286 11.36
254 1410 282
935 58 5 150 0.10
65 12 12
936 2 0 166 0.31
44 235 44
937 26 208 288 0.10
14 13 67
938 18 262 284 0.32
246 42 43
939 0 8 268 0.23
33 204 35
940 10 135 279 2.18
128 412 467
941 38 1 277 0.10
12 13 70
942 25 0 100 0.10
43 8 8
943 26 116 254 2.91
161 618 391
944 11 1 144 1.35
92 90 484
945 34 8 148 1.51
102 110 518
946 21 45 185 0.10
13 11 66
947 9 234 286 6.41
417 979 251
948 7 4 231 0.29
33 40 225
949 24 8 228 0.10
7 36 8
950 3 16 38 0.32
40 44 237
951 18 59 203 0.10
2 2 13
952 21 82 189 0.22
208 35 29
953 21 10 230 0.19
179 35 35
954 44 2 270 0.10
34 6 6
955 38 136 246 0.39
44 40 271
956 49 172 285 0.10
22 118 21
957 31 50 185 1.94
122 122 586
958 26 73 237 3.12
139 141 725
959 31 159 288 5.55
1036 160 151
960 4 284 288 11.57
235 1417 245
961 9 96 233 0.14
102 113 43
962 7 14 96 2.10
114 101 618
963 8 66 92 0.10
18 20 86
964 32 15 284 0.10
12 12 66
965 8 191 268 6.27
1046 225 187
966 6 151 247 0.10
26 25 133
967 13 70 288 1.03
417 73 80
968 67 43 271 3.68
357 740 160
969 1 26 284 0.19
30 183 27
970 52 109 271 0.49
307 50 54
971 30 5 155 0.10
90 19 19
972 46 4 102 0.19
38 34 185
973 6 167 274 0.10
4 4 25
974 7 154 233 0.28
41 223 41
975 25 2 149 0.10
17 84 19
976 19 12 42 0.10
105 17 19
977 30 45 207 0.58
334 55 49
978 10 162 252 0.20
38 34 185
979 18 0 255 0.10
122 21 25
980 9 67 261 0.10
90 18 18
981 21 32 254 4.09
140 147 864
982 26 43 265 0.23
197 38 45
983 17 32 242 0.10
6 28 6
984 4 11 166 1.04
301 320 98
985 2 72 276 0.58
313 48 55
986 34 4 166 0.10
9 9 51
987 53 4 87 0.10
14 13 58
988 11 11 124 0.10
5 23 5
989 21 10 213 0.18
35 36 179
990 3 209 288 0.10
20 124 22
991 19 82 237 2.71
267 646 140
992 6 189 248 0.47
284 61 56
993 12 215 271 1.16
68 454 83
994 30 19 260 0.10
9 53 9
995 9 16 234 0.54
55 248 192
996 26 1 249 3.10
771 122 129
997 4 117 263 0.20
178 69 34
998 3 17 251 2.11
109 116 602
999 9 46 271 6.80
1069 190 206
