5
3
5
0 0.1 0.3 0.5
2544 2510 2528
1 0.2 0.6 0.3
2506 2576 2532
2 0.2 0.6 0.3
2566 2519 2601
3 0.2 0.6 0.3
2595 2444 2454
4 0.2 0.5 0.4
2570 2512 2472
250
0 13 1 101 0.25
39 210 37
1 91 121 288 0.63
343 57 59
2 73 33 281 0.10
12 52 12
3 73 17 275 0.62
337 59 54
4 68 50 288 5.45
408 887 207
5 48 1 89 2.79
162 599 346
6 32 23 230 0.46
57 53 279
7 34 4 198 20.02
438 1729 875
8 53 30 209 0.53
312 57 61
9 9 154 232 8.85
1270 241 213
10 37 162 271 9.02
276 1124 660
11 23 25 281 0.23
206 36 39
12 55 23 114 0.37
261 51 45
13 39 25 220 4.16
152 233 830
14 176 1 237 13.75
253 275 1580
15 2 245 275 47.84
1842 2025 1214
16 29 76 168 0.34
37 38 244
17 13 136 251 9.31
274 1144 671
18 1 0 155 0.21
37 40 192
19 11 7 180 0.34
90 232 57
20 9 127 185 0.66
59 59 338
21 86 4 123 0.10
15 15 89
22 46 91 288 0.30
235 45 48
23 7 117 150 1.04
74 64 422
24 94 24 277 0.10
25 23 124
25 103 47 268 0.76
71 60 360
26 54 103 256 0.10
12 51 12
27 99 6 268 0.46
62 62 276
28 10 133 288 3.36
777 149 158
29 43 0 257 0.24
208 39 45
30 72 36 288 3.29
774 137 139
31 6 252 288 20.56
423 1539 1210
32 9 249 276 7.95
1168 295 230
33 49 3 243 0.10
12 11 49
34 23 263 288 0.13
64 139 33
35 47 116 288 0.28
230 35 34
36 10 6 65 1.07
443 87 88
37 52 13 194 2.96
740 127 143
38 17 0 148 9.96
594 1178 291
39 149 5 288 3.36
205 756 152
40 5 26 133 0.10
123 21 22
41 63 88 249 3.10
116 127 753
42 16 61 177 0.26
34 36 211
43 108 25 288 2.17
97 108 614
44 3 212 248 2.46
527 414 151
45 78 13 242 8.46
229 1232 211
46 36 18 288 2.59
117 127 685
47 19 118 288 1.23
91 465 93
48 24 38 284 2.05
114 197 601
49 3 174 245 1.03
434 80 77
50 28 1 153 8.15
1233 215 208
51 3 219 286 2.19
137 200 618
52 128 100 288 4.24
147 870 158
53 4 9 74 22.37
483 1342 1463
54 26 107 246 4.53
376 804 202
55 12 212 273 46.31
2021 2074 614
56 114 8 283 5.82
186 184 1025
57 39 84 162 30.12
1905 1387 507
58 83 66 280 0.32
45 230 44
59 43 14 243 1.01
418 88 89
60 41 125 253 0.44
56 57 273
61 47 37 168 3.50
484 644 151
62 1 113 183 0.48
49 51 287
63 6 9 283 0.75
310 212 81
64 4 141 262 3.27
144 134 745
65 7 21 76 0.16
168 36 33
66 37 8 201 0.12
153 23 22
67 45 3 178 11.30
246 488 1406
68 61 10 194 0.10
138 20 21
69 79 13 201 1.41
88 501 89
70 16 30 288 4.34
188 680 593
71 4 7 287 1.62
95 535 105
72 15 140 279 0.38
44 254 43
73 17 42 172 18.96
1598 965 411
74 28 21 286 0.66
70 59 354
75 89 10 262 0.97
421 87 84
76 17 1 33 2.56
117 675 124
77 102 122 261 6.88
245 730 807
78 44 13 194 1.24
92 82 485
79 8 7 131 6.55
226 838 727
80 125 6 275 15.24
1564 565 355
81 6 8 272 1.19
77 462 81
82 4 5 168 0.55
58 61 306
83 1 0 201 13.77
269 272 1579
84 22 195 262 0.36
257 45 47
85 21 51 280 9.80
252 1324 233
86 85 35 230 0.39
79 254 53
87 25 1 249 10.60
1362 258 284
88 65 18 272 2.62
150 577 342
89 31 32 200 14.53
309 408 1635
90 22 29 240 0.12
30 30 146
91 35 160 288 0.10
5 5 24
92 13 163 288 47.63
1678 2065 1337
93 27 0 284 0.10
126 20 21
94 6 138 198 3.14
180 467 610
95 48 60 195 4.41
208 757 501
96 17 2 122 7.37
1184 191 202
97 84 6 103 0.10
98 20 21
98 16 50 186 0.10
5 31 5
99 128 55 283 4.96
185 927 213
100 114 24 280 1.08
78 66 430
101 6 62 132 13.02
278 346 1483
102 87 15 280 16.27
1747 304 261
103 1 44 252 0.73
61 62 355
104 60 61 286 2.15
630 102 100
105 37 133 233 2.01
618 94 110
106 24 64 145 12.45
310 421 1422
107 47 119 284 1.29
94 92 480
108 52 1 101 1.12
86 87 433
109 9 56 283 0.22
44 199 42
110 6 77 238 5.16
188 952 187
111 36 85 280 0.85
69 57 384
112 33 57 259 0.41
52 275 52
113 48 7 94 0.30
231 48 50
114 42 87 267 13.98
1110 1154 335
115 51 65 269 0.12
148 20 22
116 70 162 288 1.98
610 93 100
117 39 3 245 17.19
1554 857 408
118 57 15 161 0.29
38 227 44
119 10 102 178 0.21
36 37 192
120 85 10 285 0.76
328 187 77
121 36 52 228 11.80
262 1271 799
122 37 217 288 4.56
174 173 876
123 109 44 288 6.14
225 289 999
124 55 26 235 0.68
71 77 347
125 34 210 288 6.03
898 558 208
126 15 48 264 1.04
81 439 84
127 24 99 196 11.67
1483 240 288
128 53 10 288 0.12
32 29 148
129 63 18 280 0.10
5 5 23
130 39 0 272 0.15
29 165 29
131 48 73 239 2.58
675 148 153
132 16 6 233 25.77
437 1475 1562
133 27 1 120 0.19
186 32 32
134 10 103 226 2.74
176 682 152
135 137 1 234 0.10
26 26 127
136 36 1 205 3.76
843 156 140
137 7 28 102 0.60
333 62 58
138 21 91 274 0.62
331 60 63
139 96 96 273 1.60
545 101 93
140 3 227 285 11.09
237 1409 276
141 23 6 78 33.19
553 1699 1734
142 31 38 280 3.92
858 170 141
143 15 18 184 0.30
233 45 39
144 18 0 46 0.61
60 329 61
145 34 22 284 8.49
284 1081 650
146 69 129 279 5.55
189 996 181
147 13 90 288 1.34
507 86 75
148 72 7 235 3.28
774 139 130
149 1 9 266 22.85
448 1292 1545
150 2 42 91 0.10
124 20 22
151 21 118 275 1.21
371 283 122
152 38 11 85 2.17
120 617 122
153 25 1 278 0.69
306 185 80
154 51 89 194 0.10
11 2 2
155 30 39 124 0.13
25 155 29
156 43 15 189 0.48
56 291 60
157 9 6 205 3.75
146 817 145
158 11 146 272 9.17
1254 315 251
159 37 2 202 15.94
295 370 1732
160 84 191 284 0.53
59 58 308
161 15 112 189 0.10
3 3 13
162 44 75 168 9.11
1273 212 234
163 44 20 245 0.82
394 58 59
164 50 5 88 2.82
719 136 146
165 104 82 288 0.33
244 50 54
166 108 2 258 0.10
9 8 52
167 1 86 239 3.46
160 244 743
168 74 7 232 0.10
27 28 135
169 111 34 248 1.18
466 85 90
170 16 248 288 4.80
151 954 145
171 43 4 278 3.80
130 825 145
172 12 242 267 3.40
137 137 761
173 29 170 254 3.14
155 152 745
174 1 22 282 1.18
467 69 77
175 33 47 190 0.24
33 35 208
176 2 72 107 6.35
1104 173 167
177 62 71 271 3.57
180 531 625
178 17 7 265 28.40
1956 1212 477
179 41 23 173 11.61
287 476 1425
180 7 70 288 0.11
25 28 134
181 34 84 234 1.40
102 97 499
182 55 67 183 0.42
280 50 52
183 10 161 263 3.85
445 701 209
184 36 161 288 1.36
104 486 99
185 20 55 132 5.67
210 995 200
186 37 36 237 8.83
1257 207 210
187 12 248 271 0.24
41 210 39
188 1 39 252 2.60
549 416 162
189 4 98 284 43.43
2184 1796 573
190 35 28 209 0.72
308 199 82
191 78 114 267 0.15
55 156 34
192 97 25 192 0.10
13 14 86
193 46 31 254 0.10
10 2 2
194 26 194 235 1.72
563 117 117
195 14 0 14 6.45
168 1081 185
196 70 17 200 10.11
612 1178 303
197 3 25 239 16.92
372 1726 299
198 40 57 282 1.19
75 475 78
199 6 174 288 0.43
63 52 276
200 33 41 233 1.39
94 89 499
201 37 2 91 1.18
454 90 90
202 32 160 222 0.48
56 299 46
203 61 64 222 1.77
96 99 550
204 25 11 74 1.67
445 340 108
205 6 40 279 0.10
13 12 58
206 32 122 287 0.27
39 43 214
207 8 1 221 4.86
182 947 188
208 16 43 149 1.40
103 97 499
209 19 67 220 0.25
36 39 212
210 3 95 158 0.10
3 3 13
211 9 179 288 23.81
1307 1627 440
212 56 32 115 6.23
1091 171 178
213 16 133 281 4.07
169 868 161
214 5 30 76 3.33
530 584 140
215 8 220 277 1.27
491 85 80
216 35 55 158 0.10
111 20 18
217 32 0 185 35.08
521 1647 1885
218 6 127 283 48.51
1815 2119 1136
219 61 46 261 0.11
141 24 25
220 7 9 183 11.84
1443 251 301
221 2 196 277 0.10
11 11 55
222 15 188 288 0.64
337 63 55
223 41 96 272 1.26
481 91 93
224 83 119 254 1.59
104 94 519
225 48 179 288 3.16
131 153 752
226 10 5 98 3.21
767 146 153
227 15 151 288 12.96
1434 578 264
228 109 26 288 0.94
75 68 412
229 15 76 269 0.10
3 3 19
230 46 21 246 0.11
143 23 21
231 49 67 235 0.64
346 59 59
232 75 39 258 0.76
65 65 381
233 47 4 266 0.35
251 52 59
234 6 279 288 12.06
258 217 1483
235 72 3 194 0.62
342 57 54
236 11 41 208 0.59
329 57 59
237 67 21 198 5.63
184 1027 170
238 37 183 279 3.86
126 832 151
239 7 39 182 0.12
151 27 25
240 46 118 205 0.96
88 82 425
241 6 92 234 7.75
203 1184 189
242 49 37 184 1.53
527 96 97
243 26 249 288 12.55
1518 270 320
244 51 0 151 7.34
172 1158 170
245 27 3 98 1.86
492 327 117
246 3 106 150 13.71
318 349 1517
247 6 125 288 3.12
148 136 769
248 93 184 285 2.84
135 134 734
249 4 33 140 1.20
78 83 453
