5
3
2
0 0.2 0.7 0.7
2486 2537 2442
1 0.2 0.5 0.4
2524 2512 2521
1000
0 6 64 279 1.11
91 80 444
1 15 113 192 0.64
340 60 61
2 18 226 284 0.10
2 11 2
3 2 18 253 0.65
60 67 330
4 1 8 271 9.39
259 371 1220
5 24 27 85 1.23
86 100 452
6 6 139 247 0.33
241 44 45
7 17 49 281 0.53
310 46 47
8 3 208 285 0.10
16 76 15
9 6 56 238 0.10
2 1 1
10 0 71 262 2.87
115 118 721
11 15 93 188 0.18
31 29 174
12 4 223 276 0.71
67 69 343
13 3 62 241 0.31
232 41 34
14 2 186 287 12.96
265 1514 304
15 24 90 223 0.21
43 41 187
16 38 3 207 0.39
260 44 45
17 4 0 98 4.94
175 177 908
18 12 12 44 2.04
120 603 119
19 34 47 288 0.10
74 13 13
20 6 20 64 0.10
36 6 6
21 7 179 285 0.74
77 88 345
22 29 93 224 0.49
258 152 54
23 0 9 227 1.72
544 111 106
24 6 91 102 0.10
23 112 22
25 5 50 206 0.10
15 79 16
26 11 120 288 0.10
2 2 10
27 9 60 137 0.64
70 237 245
28 16 79 240 0.10
21 94 20
29 3 5 151 0.11
139 27 25
30 1 17 165 0.14
31 29 154
31 49 0 254 0.10
3 3 18
32 5 80 231 6.29
263 1046 212
33 13 45 267 0.10
0 0 0
34 3 101 195 1.14
447 71 79
35 8 173 250 0.19
185 36 37
36 6 4 238 0.10
77 14 15
37 9 1 112 0.66
53 347 55
38 40 0 110 0.10
20 91 19
39 6 99 280 1.47
85 86 516
40 49 73 246 0.10
8 8 42
41 6 19 276 0.10
2 13 2
42 18 221 287 0.15
35 161 34
43 38 63 284 0.10
106 23 21
44 9 91 282 0.10
23 28 119
45 2 32 98 0.25
208 36 42
46 5 207 288 4.89
178 333 861
47 37 91 232 0.66
78 271 211
48 18 196 255 0.10
63 9 10
49 1 69 211 0.80
376 61 62
50 17 84 177 0.10
68 12 12
51 2 108 190 0.10
15 100 16
52 2 106 256 1.40
468 193 107
53 48 54 236 0.10
3 3 19
54 3 30 212 0.10
23 137 23
55 5 193 277 0.10
10 10 64
56 6 6 286 1.46
505 109 109
57 1 36 221 0.28
43 134 178
58 3 16 165 18.92
1166 1428 429
59 17 10 228 0.40
55 54 257
60 8 38 163 0.10
14 16 76
61 144 132 288 0.10
0 0 0
62 21 2 227 0.10
3 3 14
63 13 6 248 0.25
46 209 44
64 1 1 244 8.42
194 234 1191
65 15 76 261 0.36
52 53 243
66 14 61 269 0.22
196 36 37
67 0 1 31 1.20
86 89 448
68 23 17 280 0.12
21 21 141
69 10 48 248 0.10
11 51 11
70 1 50 224 0.33
245 41 46
71 18 187 256 0.10
4 22 4
72 22 0 256 0.10
13 99 12
73 2 62 266 0.10
19 83 18
74 34 109 230 0.16
27 30 163
75 7 52 283 0.10
17 19 113
76 8 106 288 0.96
413 75 82
77 38 1 208 0.10
59 10 9
78 13 129 233 0.84
69 388 66
79 6 76 170 0.10
8 7 42
80 3 10 276 0.10
2 2 18
81 1 6 38 0.10
44 22 10
82 23 25 128 0.10
43 7 7
83 6 56 172 0.10
5 5 19
84 17 3 80 0.30
46 229 48
85 12 87 133 5.05
954 179 153
86 6 87 279 0.10
16 73 16
87 16 7 150 0.36
49 254 43
88 12 230 279 0.15
161 29 33
89 7 79 185 0.10
21 19 88
90 11 121 213 3.63
802 111 129
91 22 8 288 0.10
29 5 5
92 38 151 288 0.10
119 23 21
93 3 1 49 0.10
18 4 4
94 11 51 278 0.13
148 31 26
95 7 40 229 0.10
48 12 13
96 29 64 269 0.10
22 19 125
97 3 33 101 0.17
32 35 169
98 17 45 242 0.10
98 22 22
99 6 22 227 0.16
39 166 33
100 9 105 286 0.82
70 383 78
101 4 125 279 0.10
18 16 92
102 9 7 130 0.10
10 10 64
103 5 143 227 0.53
212 227 58
104 15 187 286 0.75
67 71 366
105 0 119 211 0.33
51 50 234
106 9 206 275 1.90
110 586 102
107 6 3 161 0.88
77 87 380
108 11 75 152 0.10
7 29 6
109 5 13 100 0.10
19 21 95
110 10 74 217 0.10
7 8 36
111 18 88 244 0.10
130 22 21
112 26 126 220 0.23
39 202 39
113 21 126 247 0.10
25 5 5
114 2 34 249 2.00
117 601 102
115 9 63 277 8.10
288 543 1079
116 17 209 264 0.10
0 0 0
117 2 37 165 0.10
15 14 73
118 10 19 94 0.44
45 284 52
119 1 99 248 0.10
53 10 10
120 14 7 288 1.18
452 78 89
121 20 15 156 1.43
507 89 88
122 2 24 202 0.18
33 69 166
123 4 94 244 3.52
163 408 690
124 21 1 205 2.21
629 126 106
125 1 111 182 2.32
608 221 114
126 0 104 278 0.79
84 289 244
127 0 141 234 0.18
178 33 31
128 10 3 275 2.38
645 121 103
129 6 14 284 2.25
128 631 111
130 20 18 282 0.20
38 35 186
131 5 13 139 4.06
163 169 821
132 32 1 281 0.34
45 246 51
133 14 121 273 0.10
20 117 20
134 0 66 215 10.40
281 1049 892
135 5 10 277 0.24
204 40 35
136 30 237 288 0.10
0 0 0
137 3 192 252 0.10
17 16 77
138 26 131 276 0.29
42 228 41
139 30 55 280 0.16
172 32 30
140 7 32 162 1.78
110 235 522
141 48 146 278 0.10
2 2 11
142 84 47 254 0.10
6 6 25
143 19 71 288 0.36
44 256 40
144 16 37 131 0.22
34 31 192
145 9 11 172 4.39
198 337 827
146 2 193 244 0.12
149 27 28
147 2 126 273 0.38
45 262 41
148 4 45 80 0.10
18 19 113
149 1 67 266 0.96
65 422 59
150 19 21 42 0.10
42 7 7
151 9 80 238 0.12
30 142 30
152 2 116 265 0.57
61 320 58
153 5 201 222 2.06
122 226 571
154 13 264 288 0.91
65 408 70
155 9 2 91 0.51
58 61 292
156 17 39 145 0.10
14 84 14
157 6 5 202 0.34
41 248 45
158 38 10 281 1.22
458 82 97
159 10 13 287 3.03
725 129 140
160 4 60 283 0.10
0 0 0
161 5 139 210 0.10
17 16 76
162 8 95 264 0.18
26 180 30
163 9 35 160 1.16
90 450 93
164 25 0 53 0.49
45 52 288
165 4 0 278 0.10
35 6 6
166 5 56 195 0.12
116 87 30
167 12 1 24 0.10
8 8 40
168 2 63 264 1.58
86 94 534
169 5 50 235 1.04
96 82 428
170 7 25 195 0.42
41 276 43
171 9 15 160 0.20
41 121 145
172 12 87 261 0.10
72 12 12
173 8 138 239 0.10
80 11 12
174 26 62 266 1.81
115 213 535
175 5 72 276 0.95
393 143 81
176 11 32 266 0.48
59 291 50
177 4 136 194 2.25
122 114 634
178 5 4 173 0.10
22 23 123
179 4 11 103 0.15
25 30 157
180 10 17 264 1.06
88 428 115
181 50 24 212 0.10
12 76 13
182 11 52 182 0.72
70 357 70
183 11 74 277 0.77
96 366 75
184 4 0 13 0.10
6 6 24
185 71 64 225 0.10
117 17 20
186 5 56 247 0.10
0 0 0
187 20 35 276 0.10
19 20 116
188 43 54 288 0.16
24 27 171
189 10 58 265 0.27
42 219 40
190 7 29 275 0.10
8 7 36
191 4 186 288 0.28
40 40 222
192 10 30 110 0.61
60 334 49
193 17 73 240 0.10
5 31 5
194 3 6 282 0.10
25 25 131
195 7 35 228 3.80
811 161 143
196 5 127 278 0.40
267 53 57
197 6 17 262 0.80
73 63 378
198 12 36 245 0.10
15 4 4
199 2 10 216 2.11
131 283 551
200 5 144 239 0.45
250 142 63
201 1 1 244 0.20
42 160 102
202 11 54 288 0.10
38 9 9
203 0 19 128 1.38
110 396 300
204 19 172 269 0.10
13 3 3
205 24 35 265 0.21
41 42 189
206 27 41 246 0.19
35 183 36
207 30 7 274 0.55
315 57 56
208 21 147 216 2.87
712 131 158
209 13 42 272 0.10
39 8 8
210 3 40 266 0.10
55 12 13
211 7 5 261 4.46
410 801 189
212 5 27 288 2.23
112 123 610
213 5 49 252 1.37
499 84 79
214 22 2 142 1.51
514 96 87
215 10 77 257 0.11
138 25 29
216 2 148 204 1.32
489 83 79
217 14 100 283 2.28
118 125 617
218 30 22 282 0.68
352 51 53
219 7 162 253 0.10
63 9 11
220 7 23 241 0.28
40 43 216
221 20 37 200 1.54
104 90 507
222 5 0 288 0.10
21 24 125
223 26 80 276 0.10
76 13 15
224 1 181 252 0.47
51 288 52
225 2 11 288 4.96
182 176 939
226 2 47 288 11.14
301 1393 281
227 34 19 112 0.10
13 94 12
228 28 88 260 0.59
56 63 314
229 13 70 265 0.40
52 267 50
230 13 161 215 0.20
44 47 185
231 10 155 229 0.35
251 40 46
232 3 234 250 0.10
129 25 25
233 43 1 92 0.10
5 5 18
234 3 4 246 0.11
140 30 29
235 27 7 164 0.11
29 142 29
236 1 41 175 0.10
10 58 11
237 6 16 282 0.14
158 29 28
238 62 4 282 0.10
8 8 41
239 13 14 216 0.52
64 54 294
240 12 38 169 0.10
13 14 66
241 1 14 268 4.40
153 397 810
242 14 136 214 0.10
115 26 26
243 14 64 232 0.10
19 88 17
244 4 82 182 0.10
21 19 100
245 12 107 255 2.18
616 114 108
246 21 86 192 0.20
188 32 31
247 7 167 274 0.49
296 58 57
248 5 75 283 1.28
449 165 95
249 42 165 283 0.11
108 91 33
250 1 60 197 4.87
160 939 173
251 16 23 188 0.10
4 23 4
252 4 59 227 0.10
7 34 7
253 4 0 125 6.12
1053 173 175
254 9 38 268 0.10
18 97 18
255 0 38 185 4.18
825 291 181
256 3 0 221 3.33
762 136 136
257 5 74 268 0.57
59 56 310
258 5 35 192 0.21
34 193 36
259 8 67 149 0.18
29 184 28
260 57 9 204 0.42
54 45 275
261 0 37 281 6.90
233 411 1013
262 6 11 214 0.76
62 370 68
263 2 108 288 6.36
201 187 1066
264 4 103 137 0.99
80 419 73
265 3 117 284 0.12
27 149 30
266 5 46 216 1.15
78 92 453
267 12 0 96 0.10
78 15 15
268 4 30 221 0.12
28 147 29
269 4 124 236 0.74
83 299 211
270 10 0 197 0.11
107 85 34
271 13 101 194 0.10
20 4 4
272 5 3 105 0.10
8 7 38
273 3 5 204 0.11
137 27 29
274 17 46 217 0.56
320 44 46
275 20 59 191 0.44
53 280 62
276 18 206 279 0.86
65 397 64
277 18 7 184 1.77
110 560 93
278 4 10 210 0.10
20 19 108
279 21 50 201 0.26
212 39 37
280 31 129 247 0.41
49 272 46
281 4 50 185 0.10
17 17 98
282 3 120 213 0.47
53 293 50
283 5 44 261 0.10
15 104 18
284 58 18 283 0.10
9 9 50
285 17 21 172 0.19
40 112 146
286 19 202 252 0.10
6 1 1
287 73 25 288 0.10
86 18 16
288 38 41 197 0.10
22 22 120
289 6 23 88 0.15
157 34 34
290 0 53 146 0.26
35 43 216
291 34 0 221 0.10
28 7 6
292 1 86 286 0.12
146 21 21
293 7 0 146 0.10
16 16 67
294 3 19 281 0.10
2 13 2
295 16 96 279 0.10
22 4 4
296 14 3 237 0.10
5 6 25
297 2 17 252 12.22
351 1153 932
298 5 0 251 0.37
51 257 43
299 7 74 182 0.20
190 32 30
300 17 27 255 0.19
34 185 32
301 3 2 185 0.10
17 4 4
302 13 26 257 0.77
342 161 66
303 28 29 215 0.10
2 2 9
304 4 24 116 0.81
66 379 70
305 12 25 211 0.10
2 1 1
306 9 19 204 0.44
61 263 101
307 4 61 201 8.48
260 1038 681
308 10 32 284 0.10
16 81 17
309 21 11 126 0.43
274 58 59
310 57 17 240 0.10
6 7 34
311 43 1 228 0.10
0 0 0
312 7 91 219 0.10
26 28 113
313 1 13 218 0.10
21 101 18
314 7 99 220 0.10
26 26 116
315 2 81 228 3.27
139 140 740
316 2 106 172 0.40
151 222 58
317 5 122 226 0.75
60 58 358
318 12 102 161 0.65
58 58 342
319 43 131 287 0.10
6 2 2
320 6 38 271 0.89
393 70 69
321 1 24 158 7.42
1071 429 225
322 2 148 211 0.10
13 64 13
323 5 72 140 0.10
4 28 4
324 4 73 167 0.39
54 263 49
325 2 115 196 0.13
25 26 153
326 6 205 286 8.47
600 1092 232
327 5 24 242 0.39
49 52 255
328 21 55 243 0.10
7 2 2
329 5 36 254 0.10
0 0 0
330 5 79 281 0.53
307 60 54
331 2 61 267 0.77
345 150 72
332 1 0 10 0.10
8 7 40
333 1 53 224 0.88
71 397 70
334 3 141 260 0.10
6 24 5
335 4 18 101 0.10
7 7 39
336 2 39 118 0.10
8 2 2
337 5 8 253 0.24
36 33 200
338 4 41 165 0.19
35 184 39
339 12 2 52 0.27
48 188 117
340 17 18 186 0.10
19 110 17
341 4 18 166 0.48
289 49 53
342 9 10 286 0.45
60 55 272
343 2 61 272 0.10
117 22 18
344 15 19 235 0.10
1 1 2
345 5 3 141 0.35
248 46 50
346 16 123 203 0.88
391 72 71
347 5 4 166 0.51
301 56 60
348 11 38 206 0.58
245 205 84
349 5 56 267 23.95
444 1640 1289
350 4 19 218 0.16
131 108 38
351 15 10 199 1.03
84 428 73
352 11 90 177 0.10
0 0 0
353 4 120 280 0.10
120 24 26
354 6 199 266 10.33
267 442 1264
355 0 45 239 2.97
127 731 142
356 14 24 196 0.12
27 144 28
357 1 0 49 0.24
34 207 35
358 7 90 224 8.94
1196 406 256
359 1 41 214 0.12
27 144 28
360 5 124 245 0.37
259 40 45
361 32 40 150 0.58
58 62 311
362 1 1 202 0.10
5 5 21
363 11 24 181 0.13
148 27 31
364 22 11 271 0.31
34 35 237
365 5 0 213 0.29
43 224 50
366 13 66 174 0.10
3 3 14
367 17 106 280 1.98
551 218 128
368 51 12 205 0.10
7 7 43
369 16 21 190 3.49
130 798 131
370 27 171 273 0.10
18 106 19
371 22 48 251 0.10
5 6 30
372 9 29 272 2.66
133 131 666
373 1 59 287 1.77
108 559 103
374 3 7 209 0.48
54 55 284
375 5 34 229 1.97
126 482 350
376 2 196 264 0.10
85 18 16
377 4 64 129 0.10
10 39 10
378 28 87 285 0.10
20 96 17
379 6 38 123 0.12
22 20 151
380 6 59 267 0.59
60 62 313
381 4 3 87 1.35
95 90 475
382 3 55 258 0.10
14 84 14
383 1 81 242 0.15
29 162 32
384 10 24 152 0.31
234 43 43
385 6 109 169 0.10
5 5 21
386 1 232 287 5.26
286 937 194
387 9 46 262 0.10
0 0 0
388 23 18 276 0.26
42 43 215
389 11 9 219 0.10
94 17 17
390 5 40 286 0.10
6 28 7
391 16 143 242 0.73
364 60 52
392 45 23 275 0.10
28 4 4
393 13 0 183 2.32
633 124 117
394 20 179 258 0.10
0 0 0
395 17 19 124 0.10
15 87 14
396 3 24 260 0.10
4 27 4
397 2 6 133 0.44
280 50 48
398 7 40 99 5.56
867 499 198
399 17 118 264 0.44
55 278 53
400 13 54 274 0.47
40 291 49
401 6 12 243 0.10
5 29 5
402 5 27 98 0.19
40 40 180
403 2 99 281 0.10
8 48 8
404 5 62 239 0.10
4 23 4
405 14 26 197 2.55
102 100 661
406 14 170 287 0.84
67 96 370
407 5 125 162 0.27
221 42 42
408 6 63 236 1.27
94 475 81
409 7 21 147 0.10
114 20 20
410 7 11 143 5.10
148 965 167
411 22 121 261 0.48
51 45 294
412 25 23 285 0.16
27 167 29
413 4 0 150 0.65
68 203 272
414 15 102 219 0.10
16 59 15
415 1 177 204 0.81
375 73 63
416 2 20 197 3.22
172 516 549
417 38 26 147 0.34
243 50 46
418 1 51 214 0.10
15 13 84
419 3 84 228 0.15
30 28 159
420 2 33 120 0.12
28 147 32
421 6 132 228 0.97
69 419 75
422 13 82 268 0.13
30 149 31
423 9 20 139 4.60
173 909 170
424 10 88 258 1.38
88 83 482
425 20 38 190 0.10
108 20 19
426 22 0 264 4.39
158 894 144
427 5 105 285 0.13
124 93 33
428 16 199 272 1.16
88 453 84
429 14 113 242 5.87
224 444 933
430 20 108 223 0.14
33 38 158
431 7 26 285 0.10
112 78 26
432 4 0 226 0.25
41 214 39
433 2 104 251 0.19
31 186 31
434 2 3 106 0.24
207 33 32
435 6 83 144 1.45
95 506 99
436 5 149 268 0.10
11 56 11
437 19 120 251 0.10
4 19 4
438 0 104 221 0.10
13 4 4
439 13 72 275 0.24
42 198 65
440 5 26 288 1.28
471 81 90
441 6 5 199 0.67
50 53 339
442 4 154 249 0.10
115 20 18
443 2 239 262 0.10
34 9 9
444 1 6 208 0.16
164 30 32
445 0 15 286 0.83
66 75 373
446 7 165 253 0.11
138 26 23
447 9 14 275 0.10
87 18 19
448 0 91 274 0.18
32 72 163
449 6 40 171 1.98
109 112 575
450 12 170 197 1.67
530 165 103
451 2 116 145 3.42
135 789 132
452 5 4 230 0.10
21 17 113
453 9 136 261 0.21
36 40 191
454 6 27 191 1.77
102 94 546
455 8 68 226 0.10
10 67 10
456 7 34 116 0.31
230 47 50
457 41 51 237 0.10
7 1 1
458 5 128 261 1.16
448 85 86
459 2 45 252 0.22
199 40 33
460 7 212 284 1.45
110 99 504
461 19 10 269 0.78
376 56 64
462 21 0 93 0.37
46 42 257
463 1 70 258 0.55
51 60 315
464 5 45 145 0.10
1 1 9
465 5 104 288 0.10
9 56 9
466 6 166 268 1.09
75 85 427
467 3 117 262 0.65
343 57 61
468 1 0 17 0.10
18 100 20
469 13 199 255 0.10
7 40 7
470 73 15 268 0.56
315 67 61
471 3 49 154 0.20
37 131 137
472 2 91 213 0.41
55 53 262
473 9 82 204 2.18
559 267 152
474 17 31 224 2.47
650 119 143
475 0 53 285 0.10
0 0 0
476 4 57 282 0.10
8 9 48
477 22 49 275 0.26
44 37 210
478 38 174 286 0.81
376 72 67
479 4 32 246 0.10
124 20 21
480 1 3 124 0.10
10 12 68
481 3 123 275 0.10
51 11 10
482 18 76 267 0.10
36 6 6
483 28 1 90 0.10
9 9 42
484 3 15 268 0.10
45 11 11
485 14 149 267 0.31
40 39 237
486 15 170 236 0.26
38 37 218
487 6 170 240 0.10
1 1 3
488 14 30 236 0.67
69 340 75
489 9 8 220 0.18
29 29 177
490 11 80 243 4.04
573 635 181
491 12 19 125 0.10
29 27 117
492 40 77 233 0.10
15 77 15
493 24 22 264 0.10
135 22 23
494 6 20 279 5.26
154 173 974
495 4 1 134 0.24
45 193 76
496 14 0 228 1.39
281 417 110
497 4 13 274 0.10
65 11 12
498 3 2 200 0.61
62 55 321
499 19 178 279 0.10
24 5 5
500 16 41 121 0.10
17 103 18
501 10 0 207 2.56
679 119 116
502 3 7 286 2.07
610 110 105
503 1 36 247 1.58
93 534 102
504 63 93 288 0.10
2 2 8
505 5 65 278 0.10
6 25 6
506 21 2 124 9.59
281 816 1039
507 9 162 271 3.67
645 501 177
508 9 54 243 0.10
12 13 92
509 3 204 236 0.10
40 7 8
510 17 91 246 1.82
129 118 544
511 11 92 263 0.10
74 17 17
512 13 69 253 0.10
85 15 13
513 1 41 256 0.14
30 33 151
514 18 15 245 0.26
211 39 41
515 6 136 282 0.10
12 73 14
516 25 177 267 0.10
21 101 19
517 10 99 254 0.10
14 77 15
518 12 13 95 0.35
249 49 45
519 0 22 243 0.10
18 136 21
520 14 138 223 0.15
164 28 27
521 3 1 244 0.10
16 17 71
522 36 4 288 0.13
151 27 31
523 21 204 268 0.28
40 227 39
524 12 154 264 0.56
317 54 55
525 22 0 278 0.10
3 3 14
526 6 14 107 3.12
135 136 747
527 9 208 242 0.10
61 14 14
528 7 67 262 0.13
147 31 30
529 12 56 270 0.14
26 156 30
530 2 31 175 1.06
437 70 80
531 10 190 283 0.10
29 6 5
532 10 76 271 0.16
42 159 58
533 1 65 287 1.53
516 92 96
534 18 72 135 0.11
27 29 139
535 10 27 136 0.10
6 7 38
536 12 81 188 0.10
10 40 10
537 83 58 269 0.10
11 12 90
538 1 28 80 0.27
47 217 49
539 33 80 213 0.10
108 20 22
540 13 8 252 2.14
124 238 580
541 23 52 209 0.12
27 148 27
542 16 51 260 3.23
147 143 734
543 9 49 120 0.10
23 108 21
544 7 59 229 0.65
70 64 338
545 0 35 271 0.72
67 359 70
546 0 184 251 0.10
106 27 26
547 13 53 273 1.35
485 80 90
548 7 46 213 0.34
51 242 51
549 54 52 183 0.10
2 2 9
550 7 30 270 0.53
50 309 54
551 3 124 249 5.09
162 964 158
552 4 94 139 0.28
46 219 49
553 2 210 284 1.02
93 412 122
554 2 208 287 6.47
248 403 1004
555 7 48 265 0.40
48 49 259
556 5 3 39 0.10
37 6 7
557 9 230 288 0.10
35 91 18
558 3 83 283 0.11
120 80 25
559 23 131 239 0.16
29 26 168
560 20 43 280 0.10
66 14 14
561 11 59 269 0.10
22 4 4
562 2 35 278 1.25
77 76 461
563 0 39 238 0.15
56 159 25
564 7 104 254 0.10
19 91 20
565 26 130 264 0.10
10 10 65
566 19 5 216 0.10
19 4 4
567 9 41 271 4.38
163 158 885
568 4 31 248 0.10
16 76 14
569 0 67 265 0.91
79 76 403
570 0 57 120 2.15
464 405 156
571 47 62 258 0.10
0 0 0
572 1 115 279 1.47
104 316 411
573 35 43 154 0.10
12 90 14
574 10 6 279 0.27
33 36 215
575 24 80 210 0.71
353 61 63
576 23 178 283 0.10
6 1 1
577 21 6 234 2.13
618 114 111
578 26 35 168 0.10
10 10 58
579 11 21 163 3.24
136 116 741
580 8 81 99 0.24
204 36 31
581 13 142 246 0.38
64 192 175
582 1 71 279 7.28
180 174 1151
583 1 59 261 0.34
132 210 48
584 1 38 226 1.21
441 149 92
585 7 175 281 0.10
17 91 21
586 10 7 62 13.66
334 1226 990
587 4 74 127 0.10
2 2 17
588 21 83 284 0.46
282 54 48
589 19 73 273 0.33
243 49 41
590 20 74 148 0.10
11 11 63
591 1 90 256 0.10
73 14 14
592 0 12 22 0.10
4 4 20
593 13 118 211 2.73
686 126 138
594 3 114 239 0.10
9 57 9
595 39 78 167 1.47
108 506 106
596 32 29 172 4.21
865 175 157
597 4 14 66 0.22
43 195 42
598 0 54 117 0.10
1 1 8
599 17 8 217 4.00
167 844 170
600 28 77 285 0.12
27 29 144
601 1 2 199 0.15
26 25 159
602 1 25 281 0.10
2 10 2
603 20 135 231 0.61
57 62 319
604 8 6 223 0.10
111 20 20
605 18 34 96 0.10
59 15 13
606 6 26 99 0.10
1 1 2
607 12 102 280 4.44
161 157 892
608 28 11 149 0.10
8 9 46
609 9 19 120 0.10
11 54 10
610 1 25 105 0.69
353 64 56
611 6 116 237 0.10
7 7 32
612 32 12 179 0.10
22 21 114
613 45 75 215 0.10
8 8 44
614 41 120 278 0.36
252 48 51
615 4 0 262 2.55
607 306 153
616 20 96 288 0.21
35 196 33
617 2 161 273 3.57
608 529 174
618 22 39 207 0.17
172 38 35
619 29 4 105 0.10
11 56 11
620 8 78 174 0.12
27 144 29
621 14 152 211 0.64
70 335 70
622 4 18 64 1.05
77 77 421
623 41 155 280 0.30
50 52 221
624 24 12 221 0.29
46 40 226
625 2 126 260 5.59
173 186 1001
626 1 2 208 0.38
261 47 46
627 6 16 231 0.10
108 22 20
628 0 23 247 0.67
348 57 62
629 2 134 280 0.77
68 70 370
630 0 20 234 0.10
2 13 2
631 41 65 286 0.20
34 34 183
632 5 41 278 1.32
490 78 78
633 5 6 97 0.86
75 390 67
634 1 41 277 3.13
171 450 586
635 8 4 278 0.10
4 4 21
636 13 1 233 0.14
26 29 156
637 17 36 282 0.12
29 30 143
638 4 40 196 0.52
58 306 59
639 2 272 286 1.64
86 95 545
640 7 0 96 0.10
24 23 129
641 31 20 159 0.10
28 7 6
642 15 22 207 0.64
57 336 67
643 1 94 163 22.63
1465 1380 462
644 21 174 213 0.35
250 41 39
645 24 75 129 0.10
3 3 16
646 2 73 222 0.69
57 65 353
647 23 1 93 0.19
36 40 185
648 1 67 286 1.63
102 538 91
649 8 16 264 2.48
486 458 147
650 6 1 49 0.37
44 50 256
651 11 120 262 0.10
92 18 20
652 0 79 145 0.53
303 60 55
653 47 198 283 0.10
104 21 20
654 1 25 248 0.10
109 21 21
655 15 8 164 0.31
53 50 233
656 5 67 275 0.10
23 21 108
657 0 61 185 5.18
954 154 164
658 1 54 264 0.10
46 8 7
659 2 9 113 0.41
36 274 44
660 20 14 237 0.25
209 36 37
661 3 122 234 2.91
143 413 585
662 6 8 250 0.16
165 30 26
663 16 107 288 0.10
19 19 94
664 0 12 285 0.10
39 7 8
665 3 21 176 0.59
94 316 67
666 3 119 236 0.65
259 223 71
667 13 190 241 13.66
312 607 1417
668 3 41 237 0.10
8 1 1
669 16 16 256 0.58
95 312 64
670 0 60 82 0.10
8 8 45
671 17 18 266 0.10
20 18 105
672 8 86 192 2.22
108 108 613
673 1 55 277 0.14
29 25 159
674 8 105 119 0.10
23 134 22
675 1 156 287 5.98
277 1014 170
676 7 19 124 0.63
55 337 55
677 3 104 208 0.10
19 20 93
678 40 143 233 0.10
9 1 1
679 9 9 135 0.16
22 172 24
680 24 39 274 0.10
15 15 59
681 4 10 90 0.26
40 216 38
682 5 198 229 0.22
200 39 38
683 7 39 288 0.10
15 65 15
684 0 37 236 2.16
95 630 97
685 3 14 166 0.10
19 19 105
686 16 160 257 0.10
8 1 1
687 8 54 153 0.81
73 378 72
688 12 78 288 0.10
15 15 67
689 2 95 188 0.21
37 191 41
690 13 229 288 4.72
921 149 175
691 9 1 283 1.10
240 377 95
692 36 6 267 0.10
31 4 4
693 8 59 182 1.17
76 197 409
694 0 62 252 0.10
126 19 22
695 10 102 240 1.41
160 484 102
696 8 36 273 0.11
140 20 19
697 75 143 222 0.10
11 10 46
698 10 122 171 6.72
171 1108 192
699 8 126 270 3.46
784 150 156
700 1 100 263 0.10
128 25 26
701 60 78 233 0.10
26 22 129
702 4 117 260 0.31
33 239 34
703 12 189 247 1.15
453 94 78
704 6 15 183 0.10
55 13 12
705 6 143 261 3.28
128 770 149
706 1 19 263 1.42
166 481 112
707 22 41 178 0.10
11 12 58
708 2 24 173 22.21
1467 1354 445
709 3 264 285 15.66
265 1676 295
710 9 0 237 0.43
64 217 177
711 5 11 122 5.48
999 158 158
712 9 7 268 0.39
51 47 263
713 1 13 253 0.24
45 192 86
714 32 67 242 0.10
13 73 12
715 2 51 252 0.10
27 26 125
716 23 13 288 0.10
17 106 18
717 4 216 279 7.77
212 406 1093
718 1 148 220 0.10
56 13 13
719 61 12 149 0.12
28 31 138
720 21 7 181 0.14
64 149 30
721 2 144 250 0.17
35 161 65
722 2 62 189 0.34
41 246 40
723 6 23 280 0.10
120 20 19
724 4 4 278 1.07
76 75 424
725 5 0 137 0.62
62 331 56
726 18 181 259 0.47
51 57 279
727 32 155 208 0.10
14 3 3
728 21 2 62 0.10
51 10 9
729 3 27 42 4.33
198 390 796
730 30 102 272 2.80
566 436 153
731 19 16 288 0.10
32 6 6
732 7 57 117 0.23
203 31 35
733 11 41 119 0.10
4 29 4
734 26 12 96 0.10
17 17 97
735 1 105 213 0.31
41 238 45
736 11 14 207 0.21
41 40 192
737 1 66 288 12.45
309 1468 330
738 8 25 286 0.10
42 7 8
739 7 58 242 0.10
57 9 9
740 0 76 131 0.10
10 11 46
741 13 70 221 0.24
33 210 34
742 6 143 277 0.15
28 166 28
743 0 227 286 1.95
93 110 592
744 2 267 284 8.88
574 1141 229
745 6 56 250 1.43
509 82 88
746 10 0 73 0.10
21 19 120
747 3 39 95 0.75
358 66 75
748 27 2 275 0.10
12 12 68
749 2 26 235 1.75
113 482 292
750 6 103 243 1.70
106 474 292
751 6 115 283 5.30
803 573 192
752 1 98 256 0.10
19 18 109
753 4 15 287 1.57
111 330 422
754 46 79 283 1.52
515 90 91
755 29 0 266 0.10
4 4 19
756 3 60 137 0.65
332 69 70
757 2 70 285 0.62
58 335 61
758 2 59 230 0.53
305 54 51
759 6 0 286 0.10
122 26 24
760 12 84 186 0.10
14 13 66
761 0 12 183 0.23
40 204 40
762 2 188 281 0.10
15 72 14
763 7 81 257 0.10
2 9 2
764 34 149 282 0.28
228 35 34
765 97 7 213 0.10
0 0 0
766 13 22 264 0.24
44 207 44
767 4 236 288 0.14
38 35 156
768 5 54 284 1.72
99 94 556
769 1 19 178 0.90
83 174 356
770 4 48 78 0.29
37 39 227
771 22 147 263 0.10
83 16 16
772 2 69 245 0.10
7 1 1
773 7 16 176 0.10
13 102 15
774 4 272 280 1.79
568 100 101
775 7 33 242 0.10
69 15 14
776 8 165 283 1.09
75 80 442
777 6 129 275 9.06
616 1131 245
778 20 4 66 0.10
118 26 27
779 9 0 265 0.10
50 20 10
780 8 108 205 0.10
13 12 61
781 0 122 256 0.24
43 206 45
782 4 152 272 0.78
370 86 74
783 3 1 177 0.26
48 214 41
784 61 33 288 0.10
5 5 16
785 20 17 230 0.10
7 33 7
786 8 24 260 0.10
21 86 18
787 1 6 265 0.23
41 201 38
788 15 15 216 0.24
43 205 44
789 47 51 284 0.10
14 15 67
790 7 10 255 0.14
29 157 28
791 14 185 237 0.10
34 7 8
792 27 18 261 0.10
0 0 0
793 30 49 241 0.10
31 6 5
794 3 8 65 0.10
11 73 13
795 3 149 266 0.80
64 69 366
796 1 70 211 0.10
7 6 28
797 2 41 176 0.10
13 93 14
798 19 105 250 0.27
39 221 34
799 46 0 240 0.30
57 47 226
800 2 26 283 0.10
4 25 4
801 21 1 137 0.10
0 0 0
802 3 214 238 2.61
126 687 117
803 17 65 260 0.10
13 89 13
804 1 190 274 0.95
67 99 395
805 18 142 280 0.53
210 229 59
806 34 85 222 0.15
32 165 33
807 42 5 266 0.15
162 30 27
808 2 1 36 0.10
94 23 22
809 6 130 266 0.37
45 55 249
810 2 280 288 6.65
235 408 1022
811 5 98 243 0.69
350 65 71
812 6 45 214 0.27
37 213 69
813 2 49 282 0.10
25 6 6
814 8 56 200 2.53
127 123 650
815 4 45 282 0.25
209 35 38
816 15 43 235 0.49
61 53 284
817 3 149 284 0.12
32 144 31
818 61 129 281 0.10
9 9 64
819 6 154 257 0.10
25 26 108
820 16 25 191 0.13
26 152 29
821 5 79 135 0.74
64 364 65
822 2 166 286 0.62
332 54 51
823 6 29 246 2.01
106 602 116
824 2 0 188 0.10
114 22 22
825 15 144 263 0.12
31 147 32
826 15 57 130 0.63
73 232 245
827 4 66 163 0.11
22 25 134
828 5 14 288 0.64
57 67 328
829 22 191 255 0.10
10 50 10
830 0 8 183 0.10
6 6 22
831 32 143 287 0.10
2 2 9
832 6 36 183 2.22
633 112 100
833 43 128 281 0.25
30 216 36
834 0 0 274 1.75
561 104 94
835 5 68 162 2.04
602 115 115
836 3 91 103 2.70
124 692 154
837 4 2 123 0.10
128 22 21
838 1 15 261 0.75
73 75 364
839 9 62 148 5.35
970 158 161
840 6 28 194 0.10
26 26 113
841 7 156 237 2.33
138 379 516
842 3 24 95 0.52
56 303 67
843 55 68 159 0.10
8 8 36
844 11 27 204 0.10
9 8 51
845 15 3 136 1.13
82 80 436
846 2 30 156 0.37
49 258 42
847 1 0 160 2.39
585 285 150
848 4 5 139 0.38
51 53 249
849 13 165 277 0.10
66 14 15
850 8 40 172 0.10
9 9 37
851 16 22 198 0.10
8 2 2
852 15 40 121 0.10
6 7 26
853 2 269 280 13.28
291 1526 319
854 6 60 188 0.27
35 221 33
855 12 20 283 5.24
174 316 903
856 1 118 130 0.20
37 188 36
857 8 24 183 3.44
125 124 790
858 60 85 251 0.10
4 4 21
859 5 91 186 0.31
44 231 59
860 4 8 102 1.66
98 102 528
861 1 0 135 0.45
53 56 282
862 3 142 254 0.10
102 17 18
863 4 25 232 0.10
29 26 136
864 0 9 266 0.10
98 17 20
865 3 3 273 0.15
163 30 34
866 27 14 241 0.10
129 19 20
867 43 157 284 0.34
45 45 247
868 4 177 277 1.41
501 95 98
869 20 55 190 0.65
61 57 342
870 1 3 133 2.22
120 100 611
871 1 23 127 0.53
57 55 299
872 7 1 109 0.10
7 7 44
873 4 26 278 0.84
69 387 68
874 20 96 261 1.85
109 578 102
875 62 111 221 0.10
11 10 44
876 5 13 48 0.10
5 5 24
877 24 57 239 1.15
74 85 454
878 15 71 286 0.10
69 13 15
879 26 18 214 0.21
42 190 42
880 5 18 69 13.96
367 1134 1110
881 5 20 268 0.37
42 259 42
882 24 12 94 0.10
49 7 7
883 5 20 242 11.84
316 1003 1070
884 10 71 195 0.78
87 369 75
885 107 18 275 0.10
9 8 51
886 6 8 288 0.10
9 10 42
887 8 11 275 0.18
33 182 34
888 13 7 232 0.10
0 0 0
889 11 181 224 0.10
11 58 10
890 4 201 273 0.48
52 61 292
891 27 8 285 0.10
5 5 26
892 31 24 106 0.10
21 119 20
893 27 30 251 0.10
9 10 36
894 7 3 246 0.10
103 20 19
895 5 143 288 0.10
37 88 16
896 19 143 281 0.10
54 12 12
897 28 148 283 0.10
25 5 5
898 8 38 195 0.40
54 268 55
899 5 5 110 0.10
85 14 15
900 37 49 285 0.17
34 34 176
901 42 126 240 0.43
271 53 55
902 7 14 101 0.10
12 11 59
903 9 97 254 0.72
353 65 63
904 12 5 234 0.10
124 24 21
905 8 180 286 1.34
484 87 85
906 17 27 248 0.16
168 29 27
907 28 126 208 0.10
14 93 14
908 1 2 193 0.58
326 49 55
909 5 17 230 1.69
546 87 89
910 31 5 130 0.10
9 49 9
911 15 67 286 0.15
165 31 32
912 25 52 245 0.10
14 16 83
913 15 69 265 0.34
53 47 236
914 56 105 288 0.10
16 108 17
915 15 0 171 0.27
45 221 43
916 1 2 260 0.67
55 352 55
917 15 31 233 0.10
21 131 24
918 4 136 202 0.24
46 39 206
919 5 176 283 0.68
342 65 73
920 16 183 268 0.89
82 385 120
921 24 214 253 0.10
11 49 12
922 14 86 221 4.39
173 832 332
923 16 154 278 0.11
26 142 25
924 26 149 269 0.15
30 26 164
925 10 5 86 0.10
18 137 20
926 8 205 242 0.20
190 37 30
927 1 43 272 4.89
186 885 330
928 21 87 244 0.10
52 12 13
929 17 1 258 0.26
213 43 41
930 30 151 288 0.10
101 21 19
931 13 27 211 0.10
10 9 31
932 16 28 230 0.42
55 52 265
933 10 56 286 1.41
159 485 100
934 19 123 241 0.35
48 247 47
935 5 11 281 0.52
53 307 55
936 21 0 141 0.10
81 14 16
937 4 126 253 4.63
393 832 180
938 7 2 238 0.46
65 270 103
939 63 154 288 0.10
18 93 16
940 9 38 107 0.10
1 1 2
941 2 132 234 1.88
115 583 97
942 14 5 112 0.10
12 65 13
943 2 79 288 14.47
387 1587 269
944 7 5 66 0.20
190 36 32
945 1 198 264 8.33
746 981 251
946 12 182 262 0.64
59 67 339
947 39 23 275 0.10
63 13 13
948 0 13 206 1.24
76 82 458
949 1 146 276 1.39
435 260 89
950 9 48 147 0.10
1 1 2
951 28 1 277 0.10
7 39 7
952 36 215 288 0.15
160 33 30
953 11 0 40 0.17
172 34 32
954 15 121 288 0.34
43 248 43
955 5 90 256 0.10
0 0 0
956 1 56 211 0.12
31 28 147
957 17 92 155 0.10
24 123 22
958 0 162 286 19.83
385 1744 755
959 49 0 235 0.10
18 20 106
960 22 16 257 0.10
18 130 19
961 17 29 80 0.10
21 21 94
962 8 4 188 0.10
1 1 3
963 24 19 271 0.10
4 19 4
964 4 63 151 0.10
5 5 18
965 2 21 265 0.32
240 43 48
966 2 106 276 1.37
94 84 480
967 36 95 288 0.10
9 54 9
968 5 0 40 0.10
1 1 3
969 7 130 286 0.10
52 11 12
970 27 40 199 0.10
11 11 57
971 4 144 288 2.23
630 114 124
972 23 18 209 0.10
8 1 1
973 1 33 248 0.56
311 56 57
974 3 161 283 0.10
7 55 7
975 54 73 260 0.10
10 11 65
976 31 2 277 0.10
2 11 2
977 9 177 262 0.10
2 10 2
978 0 72 224 0.29
227 41 47
979 15 93 275 0.10
59 13 13
980 33 47 213 0.10
70 13 15
981 22 21 229 0.10
9 49 9
982 28 90 162 0.10
11 11 61
983 0 104 211 0.14
152 34 34
984 21 32 269 0.55
305 60 68
985 15 12 263 0.59
57 60 326
986 39 51 236 0.11
27 142 28
987 29 97 243 0.10
127 20 22
988 14 73 179 2.38
126 499 424
989 6 79 247 0.15
32 162 32
990 7 38 195 0.33
37 245 43
991 41 73 265 0.10
25 24 108
992 3 25 244 0.65
64 55 341
993 7 246 264 0.10
25 25 131
994 8 0 161 1.81
116 477 315
995 0 158 249 0.10
1 1 3
996 12 9 232 0.12
147 28 27
997 29 2 36 0.16
25 170 25
998 13 198 271 0.10
97 16 14
999 4 174 262 0.25
213 34 38
