5
3
2
0 0.2 0.5 0.4
2499 2419 2451
1 0.1 0.3 0.5
2444 2387 2536
100
0 107 6 266 0.16
32 32 171
1 165 10 266 2.75
697 117 122
2 50 79 243 4.69
184 842 292
3 43 176 288 0.38
44 46 262
4 33 76 273 0.15
34 29 165
5 18 192 287 0.12
142 35 32
6 82 74 275 4.06
820 164 171
7 114 7 277 1.66
99 109 526
8 25 86 211 1.74
108 108 557
9 69 39 288 0.87
74 73 383
10 24 42 216 6.91
222 1048 200
11 80 19 288 1.30
477 79 92
12 127 27 242 0.19
42 120 132
13 97 14 130 0.14
30 153 34
14 50 6 77 1.59
116 421 305
15 131 18 192 0.46
57 273 57
16 73 10 211 0.40
268 43 39
17 30 3 288 44.72
1303 1962 1567
18 2 68 269 1.19
83 72 450
19 43 157 288 0.55
54 54 315
20 7 2 123 1.38
81 476 97
21 5 94 261 0.10
26 6 6
22 0 61 241 0.10
27 32 114
23 31 100 194 0.67
65 65 346
24 57 25 260 1.47
101 378 333
25 7 142 248 0.60
69 70 325
26 71 66 247 0.37
52 52 254
27 3 101 211 0.10
29 6 6
28 52 2 271 4.29
167 829 150
29 1 17 228 6.87
194 1048 214
30 26 132 258 0.10
72 56 24
31 67 73 288 0.10
27 36 110
32 14 117 288 3.38
754 142 132
33 24 19 285 0.44
279 48 43
34 2 126 226 6.30
211 183 1029
35 101 0 153 3.57
135 163 799
36 64 85 214 0.10
109 22 21
37 18 138 261 4.09
322 773 157
38 63 86 170 0.28
223 34 37
39 101 151 288 2.49
660 127 114
40 7 130 261 21.03
729 1670 580
41 0 167 223 17.50
555 1632 351
42 67 14 203 0.33
240 39 41
43 39 53 205 0.19
35 177 31
44 4 0 262 9.80
257 1175 511
45 44 71 264 0.67
55 335 56
46 62 12 172 3.60
140 758 159
47 30 102 267 0.10
55 10 11
48 58 119 288 14.03
552 1439 330
49 21 167 218 1.35
487 89 83
50 13 3 47 0.55
64 299 61
51 11 180 258 3.32
122 732 137
52 26 91 243 6.97
1071 229 225
53 7 1 268 1.58
115 467 218
54 3 32 215 9.50
1271 198 223
55 105 9 135 0.59
58 312 60
56 5 50 154 2.27
104 111 621
57 9 172 210 3.49
137 751 131
58 150 7 211 3.85
371 714 193
59 27 90 261 2.47
143 624 119
60 72 1 102 0.15
159 28 33
61 5 100 213 9.47
1258 244 235
62 108 6 266 0.53
53 56 299
63 10 101 170 0.10
19 20 99
64 5 5 158 0.10
8 45 8
65 69 7 195 0.31
234 40 34
66 73 79 216 0.14
157 34 28
67 32 83 283 3.59
360 692 174
68 46 70 287 0.10
83 56 20
69 84 157 288 0.31
233 48 46
70 102 15 203 22.01
1814 699 391
71 14 122 288 0.15
159 32 37
72 103 0 214 0.10
19 17 102
73 13 197 228 0.10
1 9 1
74 79 66 270 3.19
740 108 113
75 27 94 206 12.47
302 667 1344
76 77 131 246 0.56
49 50 319
77 68 15 126 0.10
108 21 24
78 15 26 235 29.15
586 1573 1569
79 26 48 242 23.76
807 1783 543
80 128 11 173 0.10
9 40 8
81 5 121 270 1.97
120 121 571
82 5 23 110 0.42
55 260 58
83 25 104 161 0.70
61 68 356
84 7 83 197 1.44
90 93 509
85 20 131 246 0.75
365 55 66
86 21 99 224 0.66
334 75 72
87 61 60 288 6.63
212 188 1056
88 14 3 58 0.21
49 111 150
89 81 44 279 10.30
245 204 1325
90 18 213 286 2.54
647 129 142
91 2 0 284 52.53
947 2136 1980
92 128 1 131 2.25
135 131 609
93 19 35 268 16.80
324 1108 1320
94 11 5 140 2.97
158 159 720
95 73 79 270 0.59
58 49 316
96 1 138 199 11.02
296 692 1221
97 2 0 257 10.69
1366 259 251
98 21 70 248 0.10
56 11 10
99 108 6 173 0.85
72 60 394
