5
3
2
0 0.1 0.3 0.5
2451 2554 2551
1 0.2 0.6 0.3
2579 2421 2492
250
0 0 96 258 4.96
163 159 934
1 11 94 240 0.10
21 19 87
2 17 4 182 0.12
29 27 146
3 47 26 91 5.30
949 165 178
4 15 197 279 0.10
8 8 33
5 1 2 241 2.13
131 621 111
6 25 7 158 3.14
124 136 760
7 52 78 283 0.10
9 9 40
8 6 101 168 17.60
1819 306 300
9 23 64 121 0.60
71 256 217
10 3 26 171 1.25
91 450 180
11 6 1 196 7.03
1086 237 195
12 4 62 237 0.10
3 3 12
13 1 55 194 20.41
370 1584 1008
14 32 16 213 0.10
6 26 6
15 2 4 272 0.18
186 32 29
16 1 97 159 5.88
1044 185 203
17 18 17 73 0.57
323 68 61
18 29 17 189 0.82
73 66 379
19 3 41 259 2.61
702 113 113
20 26 140 278 3.78
133 837 144
21 0 8 174 22.66
502 1181 1584
22 16 46 224 0.18
176 30 31
23 39 3 162 1.51
529 99 98
24 91 24 267 0.10
3 3 9
25 11 36 238 0.15
27 31 161
26 30 36 180 1.88
116 189 562
27 2 1 175 0.22
35 202 39
28 28 18 288 0.10
2 13 2
29 32 26 287 0.13
151 30 26
30 67 6 192 12.66
1457 304 282
31 1 233 269 14.61
1532 424 362
32 23 76 217 0.59
67 68 318
33 29 76 217 0.18
182 32 32
34 192 70 288 0.10
2 14 2
35 12 223 276 14.61
324 1550 279
36 12 49 195 0.12
30 29 150
37 221 7 288 0.26
30 32 223
38 1 90 279 14.06
1548 547 255
39 54 47 267 1.05
72 442 70
40 4 92 192 2.21
106 104 639
41 48 58 274 0.10
2 10 2
42 26 52 176 1.87
145 294 506
43 2 64 275 0.33
127 212 53
44 9 124 217 2.43
118 669 117
45 4 13 284 0.19
30 28 186
46 2 19 168 2.07
111 114 614
47 44 89 287 1.33
114 463 89
48 54 40 128 0.53
313 58 57
49 17 0 86 9.33
251 1225 298
50 23 8 174 3.79
153 137 834
51 21 72 245 3.19
131 128 749
52 7 156 214 1.26
466 77 70
53 11 84 288 7.39
1053 438 225
54 94 34 288 2.92
743 107 126
55 3 0 221 7.48
1120 226 225
56 42 72 243 10.34
259 1298 281
57 2 9 192 2.20
228 596 136
58 130 127 286 0.10
35 5 5
59 28 162 279 0.16
32 172 32
60 51 181 258 0.10
13 72 11
61 136 14 252 0.10
20 116 20
62 34 18 287 0.22
37 34 202
63 7 0 151 3.93
141 138 852
64 27 31 150 8.59
255 659 1039
65 21 86 286 0.10
51 7 6
66 129 0 286 0.14
30 29 155
67 60 20 243 0.10
12 13 95
68 24 81 264 1.71
103 105 558
69 94 106 274 0.37
49 262 46
70 50 36 141 0.10
75 15 15
71 4 0 65 1.10
85 449 81
72 35 78 279 0.10
4 14 4
73 28 131 288 7.74
212 208 1164
74 21 25 205 51.06
1954 1953 1381
75 3 52 249 1.22
69 477 77
76 111 157 285 0.10
8 40 7
77 2 60 107 15.52
335 763 1473
78 9 34 261 0.13
34 28 149
79 3 15 286 0.61
337 59 61
80 62 60 274 0.54
73 123 290
81 34 11 164 0.19
181 32 30
82 48 34 265 0.10
13 13 95
83 38 28 179 0.54
313 65 68
84 0 11 245 11.19
232 239 1405
85 12 42 221 0.71
72 60 360
86 12 17 288 14.91
331 1488 574
87 23 70 266 0.12
33 148 31
88 12 135 282 0.82
78 366 73
89 10 91 288 15.56
1716 261 279
90 45 24 133 0.10
6 29 6
91 50 84 283 0.94
78 416 66
92 12 9 248 2.05
98 105 601
93 4 4 218 4.70
263 901 180
94 11 125 241 0.83
68 74 379
95 47 0 208 0.49
305 50 48
96 2 23 252 1.48
79 524 88
97 17 23 176 3.71
829 153 158
98 52 47 238 0.44
284 58 52
99 9 41 204 0.10
3 3 10
100 5 62 193 0.30
130 191 57
101 29 54 282 5.74
1041 173 163
102 0 29 263 4.02
170 805 190
103 135 137 288 0.10
2 2 10
104 13 44 186 0.54
302 55 54
105 36 44 252 0.27
55 157 144
106 4 69 196 0.80
238 290 79
107 11 171 266 6.49
1050 197 183
108 15 112 204 0.84
69 372 70
109 4 108 280 6.77
1127 195 186
110 22 26 187 1.83
112 117 574
111 34 174 274 2.64
618 286 143
112 2 201 265 1.16
70 463 81
113 0 4 154 8.40
1191 238 215
114 19 8 277 1.08
71 424 75
115 5 60 201 2.86
116 138 724
116 37 108 287 0.11
21 21 143
117 7 59 169 0.10
21 21 103
118 2 76 198 1.59
547 90 86
119 0 3 203 0.61
322 58 58
120 3 215 282 0.10
12 67 13
121 3 19 281 0.36
244 51 51
122 43 186 270 0.13
23 24 149
123 22 2 275 0.25
40 216 36
124 19 13 233 0.10
80 22 24
125 7 0 120 9.47
352 1283 268
126 147 58 288 0.19
28 32 182
127 11 249 288 0.10
7 8 32
128 3 0 260 14.78
257 297 1651
129 0 93 197 2.19
119 600 116
130 31 25 151 0.11
33 136 35
131 11 155 227 1.85
112 552 105
132 130 145 288 5.37
187 171 991
133 19 0 154 13.93
1473 649 351
134 10 252 288 0.15
30 167 28
135 27 60 281 7.22
1045 428 210
136 20 13 44 2.07
116 615 111
137 55 184 256 0.10
9 45 9
138 2 88 241 0.10
16 18 93
139 14 25 123 0.16
176 25 29
140 1 5 198 0.72
226 272 92
141 3 99 287 5.22
164 934 154
142 11 71 157 0.18
28 33 177
143 39 26 287 5.47
958 200 182
144 17 53 185 0.13
30 35 152
145 1 10 206 1.05
422 71 80
146 47 17 250 0.10
17 6 6
147 17 1 91 1.51
534 87 89
148 7 118 280 4.09
167 156 862
149 23 44 102 0.52
52 51 310
150 104 127 287 0.55
319 62 54
151 1 2 287 0.10
83 22 23
152 5 55 251 0.66
79 278 211
153 4 68 272 0.12
24 23 148
154 6 107 269 3.13
128 146 739
155 5 77 194 0.50
55 54 302
156 9 34 274 0.11
22 24 139
157 1 27 52 0.24
201 32 36
158 14 52 235 0.10
16 6 5
159 31 0 240 0.12
30 31 146
160 33 170 281 0.34
45 246 54
161 38 82 283 0.10
10 9 41
162 25 6 46 0.36
248 48 47
163 4 46 165 0.10
18 18 97
164 62 53 270 2.28
207 619 130
165 28 16 286 0.10
54 6 6
166 6 31 134 6.95
214 480 1038
167 18 1 193 11.80
282 265 1432
168 8 65 288 1.79
122 186 546
169 13 40 286 0.47
62 99 272
170 66 105 239 0.20
31 37 189
171 6 109 225 2.17
115 598 115
172 6 107 275 0.16
30 30 173
173 11 66 280 2.06
91 101 604
174 0 77 242 0.10
3 3 14
175 10 125 245 2.36
185 643 106
176 33 41 279 0.10
8 40 8
177 0 4 275 2.11
121 589 111
178 23 54 192 1.56
110 100 518
179 10 82 288 0.10
30 5 5
180 1 14 74 6.46
222 342 1017
181 4 201 225 4.76
162 178 910
182 3 89 281 2.56
143 645 128
183 27 85 279 2.16
604 113 114
184 32 72 210 0.66
60 72 339
185 27 5 123 2.37
108 628 111
186 5 36 249 2.00
117 117 602
187 53 159 277 0.10
21 20 110
188 1 73 232 9.31
1219 371 267
189 7 0 8 0.62
325 55 62
190 21 199 267 2.04
99 584 101
191 74 59 282 0.26
49 153 144
192 16 39 185 2.79
516 474 181
193 24 14 196 1.34
87 83 497
194 12 94 223 0.30
238 40 42
195 43 193 286 0.10
21 22 111
196 7 0 213 3.38
131 142 788
197 24 244 281 0.56
323 54 61
198 5 106 179 0.16
28 34 173
199 42 28 281 0.63
61 323 58
200 110 89 250 0.10
4 13 4
201 83 77 288 0.10
23 107 20
202 29 90 210 1.39
510 94 82
203 8 202 288 0.43
57 280 55
204 38 117 281 0.68
69 125 335
205 16 30 186 0.15
168 27 30
206 29 3 170 1.22
108 435 194
207 2 19 106 2.87
115 691 129
208 22 14 236 6.01
240 507 924
209 5 71 231 19.28
352 1768 405
210 32 69 191 1.06
92 78 438
211 15 3 236 1.12
69 80 444
212 10 73 288 3.97
120 862 133
213 56 21 234 2.86
510 499 164
214 26 10 252 1.56
113 506 88
215 57 94 186 1.95
105 597 118
216 8 199 269 4.73
140 156 915
217 1 160 278 0.10
2 10 2
218 31 127 284 0.64
347 63 56
219 35 110 276 3.68
146 142 803
220 16 0 182 0.78
71 60 379
221 14 85 229 1.93
113 563 111
222 31 27 206 1.11
77 77 441
223 47 19 281 5.52
195 328 937
224 18 15 277 0.10
2 2 10
225 48 120 199 0.72
58 66 355
226 7 182 218 0.10
9 50 8
227 16 28 217 10.02
300 1344 239
228 6 33 214 27.37
430 1200 1844
229 22 2 175 9.91
1301 217 234
230 16 4 122 0.17
172 27 27
231 13 49 133 9.20
1248 238 228
232 24 210 243 1.53
115 496 109
233 47 0 90 0.10
79 15 14
234 52 25 286 0.21
190 36 33
235 4 19 93 14.18
324 697 1473
236 21 213 255 0.96
72 399 69
237 14 110 232 0.23
208 39 36
238 3 156 284 0.43
61 101 258
239 24 11 37 1.12
91 449 91
240 2 123 254 8.19
1184 192 209
241 1 7 276 6.38
1045 180 176
242 47 20 123 1.98
103 574 104
243 49 196 281 0.58
331 57 55
244 11 123 175 0.60
65 65 321
245 0 8 58 9.94
213 1277 286
246 5 159 257 6.04
1004 217 200
247 11 95 288 2.58
660 119 133
248 5 65 182 17.98
405 1398 1061
249 54 167 253 0.67
350 72 72
