5
3
5
0 0.2 0.6 0.3
2544 2608 2516
1 0.2 0.6 0.3
2378 2485 2485
2 0.2 0.7 0.7
2440 2526 2476
3 0.2 0.5 0.4
2482 2338 2401
4 0.2 0.5 0.4
2445 2521 2529
100
0 10 189 288 0.83
79 71 377
1 120 22 223 25.71
998 1885 540
2 47 221 288 3.66
154 510 631
3 46 112 276 0.10
20 20 106
4 17 45 272 1.69
118 543 113
5 15 160 257 2.66
150 453 519
6 84 70 261 19.22
801 1519 538
7 28 49 150 9.95
1319 213 213
8 106 0 192 7.27
205 192 1122
9 23 52 195 1.45
427 249 121
10 3 111 132 14.32
311 1431 475
11 9 77 127 0.10
15 67 17
12 32 1 200 23.96
985 1802 540
13 15 48 287 0.80
376 86 86
14 37 120 288 36.76
1041 2145 1124
15 74 3 140 5.08
183 780 561
16 5 11 273 38.88
1163 2110 1238
17 6 86 267 5.23
985 152 150
18 17 12 153 0.23
28 188 32
19 42 42 118 1.15
78 446 85
20 32 212 288 2.68
121 120 681
21 95 115 256 25.62
1905 924 394
22 3 45 171 1.86
508 250 119
23 89 2 143 13.78
298 657 1459
24 8 76 288 4.89
946 160 173
25 20 88 286 2.80
691 146 122
26 69 73 288 22.54
1715 977 447
27 6 43 262 0.10
43 10 10
28 8 44 212 8.14
246 1066 391
29 20 198 269 0.10
6 6 23
30 28 35 237 0.55
303 67 63
31 109 2 265 2.80
160 261 650
32 7 52 238 0.23
29 189 28
33 52 7 229 20.21
1633 840 356
34 51 115 288 29.21
1254 1660 821
35 33 59 288 1.64
104 104 529
36 10 76 288 1.76
116 97 549
37 39 244 288 4.97
912 174 185
38 51 45 277 0.10
5 6 23
39 7 33 267 1.06
73 435 88
40 12 61 202 6.84
235 893 659
41 8 99 175 9.00
228 1109 648
42 93 18 251 0.21
31 31 197
43 223 12 271 5.95
160 196 1018
44 56 84 276 11.03
289 540 1320
45 87 3 203 0.18
32 34 171
46 68 136 257 8.40
216 1071 628
47 3 0 143 14.05
337 610 1487
48 122 100 260 1.35
104 98 477
49 66 160 269 1.14
458 71 82
50 41 91 278 33.31
445 1903 1592
51 86 35 263 1.94
133 214 542
52 43 119 240 0.90
79 77 399
53 31 85 265 3.41
732 248 137
54 45 47 114 5.19
176 940 209
55 5 28 280 0.80
73 69 371
56 145 19 273 36.86
1875 1651 513
57 5 86 281 1.78
109 97 554
58 3 0 261 39.78
2129 1736 562
59 112 3 187 0.88
76 66 397
60 199 9 214 8.84
240 240 1189
61 85 127 222 0.10
15 74 15
62 10 44 191 14.12
324 626 1488
63 66 84 257 1.14
98 88 449
64 21 141 235 29.81
1400 1615 755
65 22 14 262 22.73
407 1433 1455
66 119 6 192 6.78
199 169 1109
67 54 121 229 36.63
1859 1864 585
68 44 45 215 12.55
1396 325 303
69 61 0 186 6.30
211 1040 192
70 90 87 288 0.10
12 11 58
71 16 8 192 10.55
262 1212 460
72 69 13 275 44.43
960 2091 1862
73 48 37 288 1.91
104 586 100
74 51 41 288 3.25
746 141 145
75 34 3 288 3.68
147 146 813
76 6 50 260 17.87
410 1246 1299
77 241 0 255 5.71
978 181 197
78 11 92 174 0.10
10 9 62
79 20 98 267 0.10
20 21 111
80 84 1 269 51.54
2097 1973 833
81 38 0 72 4.90
205 706 615
82 29 0 164 4.41
866 178 164
83 9 120 280 0.10
46 10 11
84 111 9 279 0.15
37 32 153
85 23 39 288 11.44
1455 231 228
86 107 16 285 0.10
19 21 116
87 80 40 281 0.11
25 28 138
88 48 98 283 0.50
288 68 56
89 106 3 209 36.18
2131 1522 523
90 22 25 288 43.26
839 2204 1734
91 23 91 237 1.05
76 432 85
92 63 41 252 0.10
12 12 63
93 2 105 241 15.86
1586 328 290
94 2 80 256 0.92
78 396 82
95 37 175 266 2.59
625 236 150
96 67 12 145 25.90
1589 1403 522
97 118 13 285 2.39
117 120 642
98 55 107 282 5.69
1028 160 149
99 5 223 261 3.69
137 140 818
