5
3
2
0 0.1 0.3 0.5
2565 2465 2488
1 0.2 0.7 0.7
2568 2408 2498
25
0 204 7 265 0.95
76 286 289
1 18 3 63 0.10
57 11 11
2 3 20 197 16.46
1743 331 295
3 174 80 288 19.76
326 1747 679
4 200 67 288 1.98
608 103 100
5 217 45 288 5.24
180 172 958
6 20 1 230 16.46
1745 310 307
7 9 2 189 38.43
1892 1813 520
8 11 0 264 21.16
337 567 1873
9 55 25 153 9.28
239 208 1275
10 24 0 110 5.31
192 191 959
11 163 13 287 19.80
934 1600 354
12 185 8 218 6.23
1074 197 183
13 194 3 277 0.78
78 73 368
14 44 65 288 0.77
78 66 365
15 23 0 55 44.40
611 2004 1950
16 53 15 159 1.95
601 107 101
17 3 10 178 0.10
55 11 11
18 60 9 258 20.96
404 1814 622
19 192 44 288 6.76
1113 220 203
20 58 15 172 7.07
1142 222 190
21 194 61 288 9.08
247 208 1259
22 71 38 288 6.18
1073 180 180
23 74 205 288 15.44
771 1433 343
24 25 6 218 3.12
160 345 657
