5
3
2
0 0.2 0.7 0.7
2484 2553 2513
1 0.1 0.3 0.5
2480 2517 2535
50
0 11 66 270 1.13
444 76 80
1 6 105 288 45.68
709 2109 1957
2 51 31 272 12.63
526 1420 318
3 89 41 283 41.39
688 1992 1874
4 98 29 239 0.71
350 70 68
5 72 0 265 0.62
70 68 330
6 32 137 274 0.10
7 42 8
7 44 19 215 7.02
1102 221 187
8 45 22 206 6.02
216 429 956
9 48 5 120 0.10
24 26 111
10 23 161 264 2.23
116 114 635
11 75 166 288 1.35
479 95 105
12 115 0 253 18.80
852 1633 401
13 42 75 274 17.06
739 1595 371
14 22 77 213 25.46
1354 1642 507
15 26 107 288 15.24
633 1546 307
16 76 73 286 0.15
34 37 160
17 27 45 270 0.10
8 41 8
18 47 10 272 0.11
30 25 139
19 52 0 164 0.10
2 2 9
20 6 207 288 1.04
429 66 72
21 58 51 270 3.27
127 121 774
22 25 184 288 0.20
36 32 192
23 68 3 113 12.73
267 385 1493
24 84 5 288 3.72
803 142 157
25 51 20 269 4.16
849 161 153
26 111 2 244 6.29
1035 222 208
27 83 90 285 1.06
431 71 72
28 12 134 196 3.23
744 153 150
29 27 191 243 3.97
176 255 817
30 22 9 288 12.54
287 459 1455
31 21 0 250 45.16
715 2026 2014
32 84 43 215 0.60
66 69 325
33 81 69 202 11.06
255 417 1374
34 88 41 237 3.25
121 129 765
35 24 106 230 1.60
527 93 99
36 22 3 120 0.90
396 73 67
37 79 186 288 0.79
366 78 83
38 79 9 154 0.10
2 2 10
39 19 21 254 2.47
137 135 656
40 78 4 240 0.10
28 24 132
41 34 67 282 11.21
334 1411 283
42 20 173 280 4.14
168 303 822
43 23 240 288 4.75
912 160 145
44 39 54 286 5.96
221 453 938
45 177 0 288 7.73
1158 219 215
46 41 3 250 9.95
342 1325 254
47 17 23 115 24.87
481 1859 1061
48 35 72 263 4.12
163 275 831
49 39 38 249 40.25
1093 1839 1768
