5
4
20
0 0.2 0.7 0.7
2132 2074 2122 2104
1 0.2 0.6 0.3
2227 2133 2081 2109
2 0.2 0.7 0.7
2151 2189 2073 2151
3 0.2 0.6 0.3
2099 2115 2141 2098
4 0.2 0.5 0.4
2044 2028 2179 2150
5 0.2 0.6 0.3
2128 2118 2174 2122
6 0.2 0.6 0.3
2145 2195 2148 2159
7 0.2 0.5 0.4
2143 2157 2150 2095
8 0.2 0.7 0.7
2075 2097 2090 2089
9 0.2 0.7 0.7
2120 2110 2131 2080
10 0.1 0.3 0.5
2165 2158 2127 2004
11 0.2 0.5 0.4
2206 2208 2089 2230
12 0.2 0.6 0.3
2161 2061 2094 2025
13 0.2 0.7 0.7
2118 2158 2172 2091
14 0.1 0.3 0.5
2210 2132 2055 2135
15 0.2 0.6 0.3
2087 2173 2097 2071
16 0.2 0.6 0.3
2149 2079 2172 2077
17 0.2 0.7 0.7
2105 2134 2191 2102
18 0.2 0.6 0.3
2171 2142 2118 2039
19 0.2 0.5 0.4
2122 2229 2155 2069
2000
0 17 219 261 7.71
223 1174 219 203
1 21 45 286 0.22
199 36 36 34
2 62 84 239 0.10
14 15 90 15
3 15 19 268 1.02
121 410 76 71
4 7 80 243 0.67
60 65 136 291
5 39 19 254 0.35
40 249 45 43
6 6 15 269 1.51
103 95 95 503
7 0 2 161 4.94
565 725 173 164
8 8 3 67 0.10
26 25 131 26
9 5 136 223 0.14
28 31 153 26
10 94 41 212 0.57
63 301 58 63
11 3 10 195 0.20
40 39 36 174
12 7 187 231 0.66
52 52 340 48
13 8 39 230 26.90
442 669 1379 1442
14 40 25 166 0.69
340 65 58 62
15 39 153 288 0.61
55 57 316 60
16 44 71 186 0.10
79 17 17 17
17 33 11 247 0.10
13 90 15 14
18 23 14 225 0.17
34 33 167 34
19 6 37 250 0.48
51 276 48 51
20 60 35 149 0.99
76 67 409 69
21 83 12 211 1.88
93 88 549 98
22 45 40 214 0.35
52 128 205 53
23 19 58 188 0.13
31 142 33 29
24 18 117 251 1.11
87 81 84 403
25 43 9 188 2.29
113 138 610 117
26 73 33 145 7.60
219 249 976 503
27 27 12 271 0.26
208 43 44 42
28 29 162 285 0.24
41 34 204 39
29 35 6 270 0.10
15 15 16 72
30 57 139 288 0.15
153 30 31 35
31 8 138 162 2.88
123 113 124 657
32 53 0 117 0.10
13 63 13 12
33 14 189 283 2.11
111 106 96 583
34 27 111 152 0.15
27 27 153 28
35 9 115 275 9.23
247 289 1190 229
36 27 16 267 0.28
213 41 41 40
37 17 34 264 1.43
91 82 81 481
38 2 3 236 3.68
154 152 251 703
39 9 28 188 0.11
23 133 23 22
40 6 193 288 2.21
108 104 586 175
41 25 13 274 0.16
34 33 164 36
42 24 3 49 1.69
359 370 114 125
43 29 18 278 0.14
33 29 30 144
44 22 42 124 0.56
62 300 62 58
45 12 74 197 3.26
125 763 144 126
46 36 4 288 0.32
232 40 43 42
47 34 7 206 0.27
210 36 37 36
48 3 109 286 1.80
106 104 98 546
49 5 22 147 0.44
48 278 52 49
50 29 88 246 11.17
256 849 1074 269
51 3 43 234 0.10
17 17 16 86
52 1 0 116 6.87
239 213 824 663
53 36 17 119 0.25
41 116 166 41
54 12 39 195 0.10
13 93 15 13
55 17 156 272 1.30
465 91 88 93
56 27 0 234 25.31
1566 1379 425 366
57 21 84 190 2.46
636 113 93 105
58 19 45 237 0.73
68 120 326 71
59 57 0 177 0.33
47 232 49 44
60 40 5 261 1.19
95 100 257 361
61 7 18 225 3.59
474 628 142 167
62 78 140 288 1.97
579 88 103 88
63 49 18 246 4.29
823 165 175 151
64 4 0 118 7.54
969 594 214 227
65 98 88 279 0.10
48 7 8 8
66 3 0 37 14.75
341 711 1388 338
67 29 22 191 7.85
497 1052 203 242
68 7 146 255 1.09
76 66 420 69
69 79 29 288 0.10
49 10 10 9
70 24 18 261 0.15
33 28 34 151
71 70 94 277 1.47
474 205 88 88
72 58 100 244 0.11
27 132 26 30
73 6 13 62 0.20
30 184 28 32
74 33 176 283 0.20
185 27 31 30
75 17 45 255 1.07
108 425 78 82
76 44 77 288 0.48
48 47 282 46
77 79 0 164 4.01
824 121 122 135
78 118 61 224 0.24
45 43 187 41
79 6 177 283 4.84
187 192 820 389
80 135 7 239 6.15
250 206 791 601
81 25 208 282 2.36
590 135 123 124
82 16 16 239 7.49
1073 447 211 242
83 84 1 147 0.10
52 8 7 8
84 31 13 260 0.48
53 284 49 47
85 154 3 239 0.12
141 26 28 27
86 13 26 177 0.10
3 3 3 14
87 23 9 151 0.10
24 25 96 22
88 106 11 263 0.10
16 77 15 15
89 11 32 205 1.58
108 330 384 124
90 4 109 226 0.10
62 12 11 13
91 63 166 284 4.97
170 410 814 195
92 36 38 288 8.91
262 494 1118 219
93 2 0 30 30.65
1574 1441 791 526
94 13 58 178 1.69
103 529 98 93
95 31 55 288 9.51
281 230 681 1060
96 17 30 188 0.10
9 39 10 10
97 5 28 201 0.52
300 47 53 52
98 46 67 127 0.10
8 8 7 31
99 3 76 288 2.47
122 618 142 132
100 13 194 260 6.22
199 170 271 977
101 8 0 209 0.67
59 50 56 327
102 19 131 220 2.40
116 126 128 593
103 36 5 148 0.21
29 30 34 179
104 11 15 152 1.90
107 102 104 550
105 12 119 279 1.18
74 437 158 75
106 2 8 234 1.45
93 81 499 89
107 17 141 283 0.66
59 62 337 56
108 9 18 286 2.17
119 206 558 108
109 23 50 184 2.28
119 99 599 123
110 5 55 151 0.87
81 349 115 81
111 7 33 225 13.41
285 281 652 1374
112 1 0 83 0.10
59 15 15 13
113 32 180 260 1.63
87 91 93 499
114 9 4 40 2.40
125 636 112 115
115 21 101 214 0.23
37 32 196 34
116 31 73 172 0.90
383 76 75 84
117 21 30 288 2.84
144 425 555 148
118 1 0 64 0.13
150 26 25 24
119 16 30 271 0.22
187 39 34 40
120 42 140 280 0.10
7 31 7 6
121 22 40 240 0.10
2 5 2 2
122 22 18 140 0.47
60 55 52 265
123 52 50 270 0.10
11 10 56 11
124 56 229 288 0.86
66 70 62 396
125 12 74 288 9.10
252 242 872 818
126 50 38 135 0.51
294 47 47 47
127 2 63 147 0.10
68 12 14 13
128 32 40 163 0.39
45 253 41 42
129 6 98 220 9.92
237 1335 227 248
130 77 4 286 0.10
49 12 12 11
131 6 72 237 0.24
41 200 40 40
132 20 91 262 0.11
28 27 27 124
133 67 7 150 1.13
67 80 438 65
134 57 11 152 0.79
57 380 62 65
135 3 213 287 0.84
221 306 94 82
136 15 0 47 3.43
138 747 130 129
137 48 58 286 10.20
211 1313 233 210
138 51 131 288 0.57
62 51 312 51
139 37 8 283 0.14
28 27 155 24
140 53 108 256 0.10
4 4 4 13
141 16 83 133 0.10
0 0 0 0
142 22 167 281 0.31
229 38 45 38
143 79 85 238 0.10
8 8 8 30
144 28 12 245 0.10
20 19 17 105
145 4 41 288 0.10
10 10 10 53
146 1 30 246 1.51
127 112 347 348
147 11 44 192 0.10
48 9 9 9
148 13 30 97 0.10
23 124 24 24
149 31 9 206 4.43
178 185 402 717
150 28 63 285 1.53
480 104 89 93
151 44 21 149 0.73
348 72 62 66
152 32 191 283 0.23
34 34 190 37
153 6 134 285 6.99
376 984 222 205
154 6 8 124 0.10
24 126 27 25
155 5 59 287 0.10
15 98 15 16
156 60 177 280 0.65
67 58 325 64
157 40 6 248 0.16
161 35 34 31
158 56 56 239 15.59
383 347 1008 1223
159 79 121 288 0.85
79 79 88 362
160 38 10 238 0.10
26 23 129 27
161 14 62 220 0.10
21 3 3 3
162 19 32 139 2.71
136 118 118 640
163 17 112 287 1.66
107 390 333 126
164 17 0 263 0.99
69 420 64 62
165 16 133 228 0.47
272 90 59 54
166 19 1 198 0.70
66 68 60 334
167 19 28 205 5.49
224 229 682 666
168 35 159 226 0.72
55 62 55 329
169 70 2 203 0.33
42 231 36 39
170 41 73 243 1.68
98 522 103 90
171 51 6 268 13.46
1318 586 294 310
172 6 41 118 28.93
1510 1554 474 472
173 13 0 205 0.30
34 37 225 37
174 70 13 181 1.41
80 492 94 89
175 22 44 263 13.46
280 650 1360 401
176 68 27 246 1.32
76 89 478 78
177 12 97 257 0.45
48 43 46 271
178 3 2 225 0.10
113 28 27 25
179 48 56 246 9.84
249 262 1239 232
180 65 114 286 0.29
43 42 47 212
181 20 16 202 0.10
33 6 6 6
182 38 1 96 0.10
14 15 78 16
183 13 5 88 0.10
4 4 16 4
184 10 56 287 0.17
28 24 172 27
185 27 16 196 8.43
216 487 1064 252
186 64 105 274 0.10
21 106 24 24
187 63 29 271 0.13
146 32 35 32
188 35 40 221 0.10
12 11 10 58
189 5 102 280 23.70
1119 1552 799 451
190 45 14 239 4.15
835 147 140 163
191 26 63 275 2.44
107 105 109 629
192 11 14 145 3.55
148 165 327 677
193 1 8 260 1.11
419 76 74 63
194 1 118 288 12.19
1291 662 302 262
195 41 17 257 0.16
162 27 31 29
196 101 127 280 0.44
34 37 37 278
197 23 237 288 0.22
198 31 36 32
198 22 20 248 2.20
111 102 122 600
199 2 33 126 0.89
367 146 74 66
200 24 123 284 0.93
73 65 63 412
201 1 4 174 0.42
257 48 47 44
202 2 99 270 0.38
44 47 253 47
203 42 67 250 5.85
179 182 867 516
204 12 229 260 0.10
1 7 1 1
205 55 29 243 0.27
210 43 40 43
206 52 167 246 0.10
8 8 8 45
207 25 19 103 10.80
314 295 583 1147
208 10 169 288 2.75
679 124 132 133
209 12 35 265 0.12
29 31 42 132
210 113 50 193 2.50
98 97 105 661
211 21 25 122 0.67
71 67 327 74
212 20 14 39 1.08
79 415 80 87
213 96 102 278 1.79
543 95 113 111
214 13 31 276 0.41
41 266 42 44
215 12 43 219 0.29
33 219 33 33
216 67 66 255 0.55
55 59 202 227
217 19 169 218 5.03
189 194 207 882
218 3 15 262 0.59
55 312 47 55
219 21 50 253 0.13
22 23 149 21
220 20 8 228 0.53
297 52 44 48
221 21 30 128 1.77
497 235 108 103
222 39 72 286 1.26
304 364 104 98
223 25 10 210 2.66
124 115 132 666
224 32 6 262 3.05
130 147 677 225
225 10 220 272 0.10
55 12 11 12
226 18 83 136 1.46
262 421 111 100
227 18 64 285 4.52
629 592 203 170
228 1 31 237 1.09
113 429 75 77
229 45 26 227 0.46
279 48 49 43
230 17 7 282 0.51
295 44 50 45
231 37 32 140 0.65
71 325 63 70
232 97 2 269 0.50
47 44 44 286
233 15 35 288 0.23
30 202 36 33
234 1 3 215 0.47
266 93 52 52
235 24 84 254 7.61
210 1101 327 211
236 1 1 80 0.21
184 33 32 34
237 134 13 284 0.10
1 3 1 1
238 55 6 183 1.09
417 91 89 86
239 6 79 269 0.10
127 27 26 24
240 71 14 259 0.15
24 25 26 169
241 37 52 172 0.49
48 49 288 56
242 26 7 288 0.10
1 3 1 1
243 7 136 192 4.10
168 144 173 798
244 58 53 269 0.10
15 17 16 103
245 84 19 194 0.23
42 192 35 42
246 28 50 198 9.78
299 280 445 1151
247 20 4 120 0.49
59 53 59 266
248 36 3 275 3.14
137 115 133 685
249 1 25 78 1.37
474 110 103 92
250 2 39 172 0.17
172 31 37 38
251 35 50 258 0.30
43 220 44 44
252 3 55 288 0.10
16 14 103 15
253 91 76 281 0.12
27 28 145 27
254 16 2 178 1.00
95 232 330 78
255 1 121 264 5.69
177 188 164 979
256 18 21 115 0.62
50 307 51 55
257 38 89 284 0.12
32 31 140 32
258 21 43 104 0.10
22 22 100 20
259 30 21 84 6.43
170 172 168 1011
260 6 26 288 6.57
204 237 237 960
261 5 186 238 0.10
42 9 9 8
262 34 0 149 0.93
80 380 74 74
263 21 28 201 0.19
28 184 29 27
264 34 7 286 1.46
455 217 90 97
265 17 0 262 7.46
228 1073 420 215
266 1 38 99 8.08
177 1166 214 203
267 47 89 288 8.43
229 258 332 1138
268 4 137 264 5.50
198 617 733 198
269 2 0 65 0.10
29 9 8 8
270 1 34 236 1.03
416 66 70 60
271 31 30 104 0.56
61 284 114 72
272 109 30 246 0.37
57 168 183 63
273 36 136 280 0.88
86 86 361 76
274 3 194 256 0.93
399 76 64 76
275 5 154 252 0.50
48 53 46 288
276 23 14 243 0.10
4 4 17 4
277 19 204 288 0.93
64 69 64 385
278 5 187 284 3.42
155 470 610 152
279 7 141 190 0.37
80 242 53 46
280 24 4 273 0.47
286 48 51 45
281 5 139 275 0.26
202 43 40 35
282 5 201 288 22.94
1179 1471 791 407
283 8 120 237 9.03
1087 578 262 238
284 12 13 181 0.10
13 55 13 13
285 56 187 281 2.60
115 112 132 664
286 9 14 249 1.03
65 76 408 68
287 50 29 209 3.08
695 120 139 123
288 11 10 216 1.85
133 137 387 361
289 58 38 172 5.84
1007 208 210 178
290 21 0 286 6.81
208 182 185 1077
291 2 0 165 4.12
495 672 172 165
292 20 18 244 0.10
4 4 4 24
293 16 54 257 0.67
50 345 58 58
294 21 70 269 0.33
44 166 175 47
295 6 84 225 4.87
235 847 161 183
296 41 64 215 0.10
26 26 26 126
297 14 16 172 0.11
32 83 110 28
298 36 101 246 0.10
23 20 107 21
299 18 1 113 24.94
497 638 1484 1291
300 2 1 232 0.74
333 136 64 73
301 25 99 280 0.99
79 82 76 422
302 67 23 280 1.10
319 278 90 92
303 2 0 245 4.04
163 186 783 250
304 8 53 223 4.51
153 874 237 175
305 28 39 196 0.96
75 70 402 69
306 47 44 139 4.13
160 137 826 142
307 30 10 128 1.81
101 423 377 102
308 118 106 288 0.16
32 161 33 29
309 68 42 260 0.94
74 66 382 63
310 28 67 277 0.57
66 299 65 67
311 6 89 221 0.23
194 36 34 35
312 12 22 277 0.51
55 59 57 288
313 15 119 249 0.75
61 61 52 345
314 31 10 178 9.44
223 1302 278 193
315 59 119 261 2.79
117 110 112 665
316 11 58 282 0.10
15 97 14 15
317 14 259 288 3.75
153 137 160 821
318 50 6 267 4.81
892 145 152 156
319 14 58 173 0.38
45 246 44 42
320 17 49 157 0.26
37 39 40 199
321 14 22 257 7.38
1119 196 199 194
322 0 133 236 0.17
170 46 30 36
323 0 2 166 0.10
32 9 9 8
324 43 5 209 4.74
894 175 174 167
325 10 189 282 11.70
418 1351 277 238
326 9 21 239 1.69
87 92 92 540
327 35 97 288 0.10
21 115 23 20
328 43 16 234 0.85
67 355 79 65
329 26 23 165 0.10
24 22 24 120
330 60 86 239 0.39
194 159 57 64
331 31 37 288 0.10
5 30 5 5
332 4 220 287 7.49
255 1055 176 179
333 89 43 234 0.54
232 181 66 68
334 20 0 105 0.10
59 15 15 14
335 15 11 268 0.40
248 53 53 43
336 62 48 272 4.95
892 150 165 166
337 24 60 182 0.13
31 26 151 29
338 9 199 268 0.21
180 39 38 41
339 1 32 212 0.53
52 298 54 54
340 1 21 288 0.10
4 4 15 4
341 6 0 257 6.24
208 195 203 976
342 12 151 280 0.48
52 53 46 277
343 27 180 283 0.36
41 39 39 248
344 2 97 280 0.12
150 23 19 22
345 17 8 243 0.60
214 235 67 68
346 181 25 280 0.10
6 5 5 22
347 54 40 141 0.10
5 25 5 5
348 157 31 252 0.77
56 60 367 59
349 2 260 288 18.48
356 483 1516 882
350 29 3 194 0.38
251 47 52 43
351 12 23 261 0.79
55 62 358 58
352 26 20 269 10.86
269 270 1292 435
353 20 100 244 5.71
195 203 414 927
354 53 5 76 0.10
64 12 14 14
355 39 46 284 0.10
12 11 10 62
356 32 59 226 0.24
202 34 37 34
357 28 73 258 1.09
89 85 82 416
358 35 55 286 0.68
53 56 61 329
359 10 1 243 1.93
133 131 386 381
360 6 28 231 1.77
540 107 104 108
361 55 71 246 0.10
89 16 15 16
362 35 37 284 13.50
312 712 1293 418
363 2 23 108 0.29
38 42 222 45
364 4 128 274 17.81
349 401 1147 1204
365 27 95 235 0.16
30 31 31 165
366 15 160 288 14.35
387 374 903 1251
367 88 59 261 0.10
15 18 64 16
368 102 24 197 0.10
5 5 13 5
369 125 70 279 4.98
200 198 355 834
370 11 21 235 0.10
33 7 7 7
371 40 2 288 2.10
98 602 104 87
372 6 102 190 0.10
69 12 13 11
373 34 31 218 0.63
51 55 330 52
374 1 51 137 1.07
393 189 86 84
375 1 49 241 0.10
19 3 3 3
376 56 52 255 0.10
7 6 41 7
377 48 160 231 0.40
46 259 40 45
378 170 44 288 0.10
82 12 13 11
379 15 75 158 0.29
46 223 41 40
380 17 77 161 0.31
43 229 38 42
381 50 52 258 0.39
48 43 42 248
382 1 60 288 5.00
895 168 184 164
383 57 0 116 0.10
75 100 29 27
384 16 210 258 0.10
25 22 114 21
385 20 7 187 0.10
18 18 18 78
386 92 25 177 0.10
0 0 0 0
387 6 10 177 27.79
447 402 1566 1485
388 23 79 258 3.31
143 127 232 677
389 22 12 154 1.99
104 603 104 86
390 4 1 177 0.70
71 160 309 71
391 65 11 248 0.19
32 34 34 171
392 0 109 251 4.75
877 161 167 187
393 11 121 277 0.32
46 41 222 47
394 26 2 153 1.40
504 88 83 77
395 35 36 206 0.65
328 66 61 62
396 18 23 277 0.10
8 36 8 8
397 44 0 259 3.40
162 420 612 164
398 39 52 280 1.28
107 102 343 315
399 23 187 288 6.09
215 195 757 667
400 3 0 4 19.50
1391 1119 395 427
401 10 207 288 0.37
51 48 45 242
402 50 165 242 0.10
9 9 51 10
403 9 112 259 9.45
318 1133 392 279
404 76 8 225 0.10
7 1 1 1
405 46 22 266 5.15
203 887 164 153
406 37 38 249 0.94
78 381 86 93
407 12 16 86 0.59
57 311 61 62
408 15 38 267 6.06
997 175 157 164
409 20 213 261 12.54
305 280 611 1311
410 13 1 255 0.39
244 49 48 52
411 6 170 266 0.55
51 295 49 59
412 41 2 176 0.10
17 93 17 15
413 4 12 24 1.18
86 96 92 427
414 6 156 236 0.51
58 274 61 54
415 6 0 200 1.07
112 103 334 231
416 4 8 288 1.93
108 217 514 117
417 6 66 287 5.56
976 156 157 169
418 46 22 275 0.10
22 23 111 19
419 53 82 288 0.14
31 33 33 148
420 20 123 223 8.61
872 848 240 228
421 40 160 273 2.04
134 448 340 137
422 10 1 207 1.54
499 94 94 97
423 32 57 217 1.41
476 98 95 89
424 105 45 277 0.10
10 9 59 9
425 20 0 174 3.12
730 123 138 118
426 17 129 269 9.05
245 243 1146 495
427 84 49 241 0.31
42 44 41 235
428 66 49 225 1.48
109 90 394 311
429 20 86 156 0.45
275 39 48 41
430 19 9 236 2.01
96 591 99 90
431 43 9 189 0.10
6 5 38 6
432 27 17 99 3.21
148 164 161 703
433 52 34 199 0.20
189 36 39 34
434 91 107 288 0.10
92 17 15 17
435 2 22 115 2.89
127 136 116 655
436 7 27 97 0.10
16 84 18 18
437 3 110 288 19.03
368 525 1575 802
438 10 14 262 0.10
1 6 1 1
439 11 49 187 7.86
200 1180 242 233
440 16 214 240 2.84
104 118 121 671
441 8 29 221 0.19
182 32 30 28
442 30 47 288 1.16
84 76 71 416
443 20 0 213 0.17
160 36 35 36
444 11 97 262 0.30
217 50 41 48
445 91 23 218 0.10
134 24 27 26
446 69 33 124 0.10
4 4 4 17
447 30 1 118 1.95
96 105 103 569
448 47 27 217 1.09
435 91 84 80
449 13 44 93 2.42
140 383 497 123
450 12 0 201 2.32
119 113 123 622
451 17 103 216 3.26
127 136 749 124
452 13 4 208 1.19
446 86 83 80
453 11 38 288 0.40
269 48 46 46
454 55 33 138 0.10
14 74 16 17
455 109 37 225 3.31
112 126 126 734
456 35 13 69 3.42
741 136 144 159
457 65 29 265 0.23
34 35 195 37
458 2 5 171 3.44
118 119 748 135
459 21 227 288 2.01
124 110 122 559
460 35 94 147 0.10
29 108 70 34
461 4 65 218 0.54
57 51 53 291
462 21 5 215 19.62
1086 1479 519 398
463 37 94 208 0.18
97 144 36 39
464 8 156 271 3.71
289 723 171 158
465 155 16 205 0.10
15 16 85 16
466 25 3 126 1.26
104 280 356 114
467 13 39 185 5.12
208 186 423 816
468 47 116 267 1.55
117 244 431 120
469 9 3 120 0.10
46 7 7 7
470 16 14 283 0.52
310 44 44 43
471 30 33 243 2.81
699 138 137 138
472 83 55 206 0.10
14 94 14 16
473 54 43 276 0.10
25 21 115 25
474 13 0 168 2.91
676 106 129 128
475 52 100 283 0.64
175 275 71 78
476 9 8 244 29.30
539 914 1484 1392
477 4 21 217 5.49
978 160 149 161
478 12 54 119 0.17
29 169 26 26
479 36 212 286 0.38
254 47 42 50
480 14 89 136 12.84
323 1286 688 296
481 43 33 224 0.31
37 36 237 35
482 33 7 244 1.63
90 94 85 506
483 31 3 229 0.10
10 3 3 3
484 11 0 100 0.10
6 5 35 5
485 7 220 288 28.73
467 448 1522 1574
486 28 149 244 0.10
12 14 13 76
487 0 143 286 0.16
34 37 157 34
488 3 197 288 1.42
479 93 89 97
489 40 60 254 1.90
96 572 89 95
490 59 43 241 0.10
11 68 12 12
491 22 129 288 13.73
304 1036 1041 349
492 16 30 187 5.68
400 893 188 195
493 36 29 190 4.26
345 751 171 185
494 13 26 132 0.10
5 21 5 5
495 26 68 273 0.10
12 12 13 64
496 106 55 234 0.43
43 41 49 265
497 120 39 288 3.60
394 648 180 165
498 10 40 268 2.84
303 620 139 143
499 10 89 246 2.98
154 174 566 423
500 69 39 221 0.54
61 54 53 290
501 47 52 273 0.10
0 0 0 0
502 8 30 137 0.10
5 6 6 21
503 101 23 223 2.91
699 139 132 136
504 21 163 280 18.83
368 666 1398 904
505 98 78 236 0.10
6 6 32 6
506 69 78 288 0.12
142 23 24 25
507 6 3 278 0.10
16 14 14 81
508 14 16 225 13.78
379 330 1030 1070
509 13 7 154 6.51
218 183 978 357
510 15 118 168 0.43
47 261 46 42
511 18 222 264 0.29
219 38 36 36
512 55 86 279 0.62
59 61 59 312
513 16 115 260 0.10
54 12 11 11
514 7 1 28 5.37
173 207 771 508
515 15 98 287 0.29
217 40 44 41
516 13 106 216 0.56
54 314 50 59
517 19 121 277 0.57
68 302 65 64
518 33 1 134 0.19
173 37 37 36
519 37 18 260 5.78
186 181 950 178
520 8 84 219 0.71
289 179 77 66
521 7 84 197 3.93
630 498 157 187
522 30 187 285 2.73
135 141 614 247
523 13 71 238 0.32
42 46 49 223
524 5 7 165 6.33
529 845 235 227
525 104 9 193 10.23
220 252 1302 215
526 87 53 166 0.15
23 28 26 167
527 24 67 272 1.98
98 556 115 106
528 1 28 271 0.65
331 84 63 68
529 62 5 189 0.14
157 27 25 26
530 5 56 262 0.10
10 17 51 10
531 20 124 221 0.99
63 76 412 64
532 15 7 258 4.18
162 827 151 167
533 11 204 283 2.51
126 118 107 632
534 44 86 269 3.28
718 139 117 131
535 102 34 286 0.10
15 17 16 64
536 15 29 270 1.66
115 129 362 371
537 17 91 282 1.47
115 367 329 93
538 13 40 266 0.76
58 56 349 63
539 11 40 141 0.71
58 344 60 59
540 10 60 279 0.16
21 168 21 23
541 1 46 233 0.59
63 324 55 65
542 20 60 265 0.10
23 23 26 136
543 19 2 178 2.14
96 87 620 90
544 8 79 288 0.45
268 50 56 49
545 5 12 190 4.37
860 152 142 152
546 10 6 180 0.10
1 1 1 1
547 12 103 217 3.14
163 137 265 657
548 6 1 117 1.60
514 90 82 90
549 11 152 270 2.28
617 103 111 101
550 16 16 103 3.08
122 719 117 126
551 46 53 209 0.14
153 34 29 34
552 7 5 208 5.35
202 189 841 408
553 101 51 222 3.49
720 148 150 161
554 18 184 268 0.10
4 4 16 4
555 7 91 232 3.52
150 787 130 133
556 141 16 207 0.10
22 4 4 4
557 23 11 169 0.10
95 17 17 16
558 41 198 285 0.10
18 100 18 18
559 28 96 288 3.43
149 754 128 129
560 12 100 288 9.57
214 228 1227 296
561 31 84 288 1.32
341 317 92 108
562 31 30 192 0.11
26 22 139 26
563 38 183 288 0.10
21 20 96 18
564 83 94 248 0.10
12 50 12 10
565 2 30 57 7.08
235 289 1050 197
566 54 2 286 0.10
7 7 7 15
567 5 50 259 1.13
94 166 397 90
568 108 57 227 0.10
48 10 10 9
569 1 129 229 2.33
110 642 109 104
570 54 145 288 0.25
29 30 213 30
571 12 149 250 0.39
49 46 248 50
572 21 5 215 0.10
4 4 4 16
573 3 4 261 0.10
11 3 3 3
574 46 12 189 0.12
30 27 139 26
575 46 171 287 0.18
38 39 36 166
576 3 2 199 0.32
234 38 38 41
577 8 10 280 0.10
23 110 21 25
578 77 4 219 0.10
32 97 59 30
579 18 19 213 1.61
118 394 353 104
580 16 13 261 0.33
224 48 44 51
581 45 10 288 0.21
36 38 182 36
582 27 159 277 0.13
26 23 153 25
583 17 18 277 0.80
57 364 67 59
584 20 174 264 0.83
76 73 73 384
585 6 142 223 0.10
29 26 109 68
586 11 23 93 1.28
99 92 89 442
587 62 123 234 0.10
25 25 122 22
588 110 18 254 0.10
14 15 17 90
589 12 95 172 0.25
41 202 36 43
590 12 128 237 0.12
23 146 22 25
591 10 19 287 0.10
23 110 23 22
592 43 8 212 0.10
45 8 9 9
593 17 51 260 7.91
1163 171 207 193
594 64 138 221 0.10
36 7 7 7
595 44 144 261 0.10
7 7 8 50
596 6 4 236 6.18
206 189 986 165
597 18 7 236 3.91
721 348 170 147
598 43 42 216 0.10
7 1 1 1
599 24 182 282 8.87
1172 299 244 238
600 88 76 202 1.13
78 410 78 82
601 18 20 153 4.83
169 230 857 189
602 34 85 208 0.50
58 280 53 60
603 35 0 258 0.32
233 39 34 41
604 3 25 272 14.00
278 311 619 1348
605 69 115 285 0.10
55 12 12 12
606 29 26 169 0.10
19 18 94 16
607 80 46 150 0.10
22 23 34 103
608 50 1 139 0.59
304 87 54 57
609 7 0 222 1.05
415 90 88 79
610 20 163 248 8.24
230 228 632 985
611 70 2 130 0.96
80 90 308 243
612 48 45 237 1.78
81 86 563 93
613 50 161 282 0.10
8 9 9 40
614 11 12 185 11.71
1226 719 332 309
615 40 88 285 1.70
84 100 539 81
616 77 121 287 0.10
15 16 18 81
617 5 45 236 0.77
73 69 361 68
618 131 59 288 0.10
15 2 2 2
619 43 124 285 0.10
50 7 7 7
620 81 40 286 0.10
130 26 26 24
621 10 1 100 4.11
135 824 152 135
622 45 46 196 0.10
4 4 4 15
623 44 72 248 0.10
18 18 16 105
624 15 48 219 2.88
147 139 688 139
625 17 89 236 0.77
70 66 344 62
626 1 44 267 3.30
145 192 742 142
627 12 34 253 25.30
432 437 1551 1342
628 133 145 288 1.26
457 87 84 93
629 15 0 214 1.80
101 97 93 537
630 11 20 244 1.05
100 93 263 318
631 8 189 272 8.29
623 987 273 253
632 3 21 92 0.15
39 101 120 35
633 15 33 196 0.59
51 51 53 311
634 70 0 164 0.52
62 288 51 53
635 4 220 237 0.67
71 69 143 286
636 3 99 209 2.75
144 358 566 141
637 58 104 248 0.10
22 122 26 22
638 1 10 224 8.99
1290 185 199 182
639 59 159 272 3.15
682 156 145 141
640 2 57 254 1.12
78 411 72 72
641 2 37 260 3.06
682 130 133 126
642 25 174 205 0.10
24 23 26 137
643 28 94 286 0.23
34 38 196 39
644 16 10 247 0.32
41 227 46 46
645 6 147 225 1.92
125 336 454 127
646 11 125 287 14.84
337 295 1368 731
647 95 16 177 0.10
17 2 2 2
648 22 24 280 0.89
71 76 62 403
649 231 48 288 0.10
5 21 5 5
650 9 59 231 0.10
33 7 6 7
651 56 58 236 1.35
468 106 90 103
652 56 184 265 0.59
57 57 60 303
653 35 34 220 0.24
40 195 36 40
654 12 1 104 11.80
448 1304 270 290
655 181 93 286 0.10
18 20 20 102
656 48 131 288 6.76
190 1089 184 204
657 96 3 224 2.70
667 100 109 113
658 24 81 231 0.21
33 37 33 185
659 48 6 282 0.16
29 31 26 161
660 22 54 248 1.88
108 372 409 127
661 10 68 274 0.10
93 15 18 16
662 8 0 149 0.10
18 17 19 90
663 89 20 286 0.13
25 26 149 26
664 88 69 286 0.70
57 334 61 66
665 9 34 155 0.77
61 56 353 61
666 5 13 234 9.54
274 250 1122 561
667 10 67 139 6.69
657 813 201 235
668 64 34 160 0.44
40 34 38 278
669 40 5 94 10.82
254 564 1258 243
670 83 95 259 0.11
20 131 22 21
671 10 65 229 0.15
159 30 26 27
672 14 58 148 0.10
71 11 12 12
673 64 159 288 0.10
46 9 8 9
674 26 115 251 0.10
17 17 81 18
675 1 98 225 0.93
383 75 81 72
676 16 44 210 11.49
1370 309 236 230
677 23 86 121 0.68
68 324 61 71
678 29 15 287 0.23
197 34 34 32
679 2 166 269 6.43
209 754 706 240
680 5 79 217 1.23
455 84 81 81
681 15 12 211 0.41
50 267 46 47
682 8 84 270 1.08
64 428 66 71
683 54 86 273 2.06
93 101 574 105
684 11 195 238 0.10
12 68 15 12
685 15 16 216 8.74
1040 642 265 249
686 30 162 274 0.45
56 53 267 53
687 28 1 33 4.41
153 154 179 831
688 27 17 202 0.19
178 31 34 32
689 42 47 284 2.14
99 113 586 109
690 10 26 90 4.21
168 180 753 396
691 116 46 282 0.10
3 3 3 13
692 21 141 223 0.89
68 73 387 73
693 6 99 259 15.18
370 447 1304 784
694 13 142 288 2.16
114 105 596 108
695 24 24 284 2.40
100 114 629 109
696 1 102 286 22.04
423 564 1504 1148
697 70 55 205 0.32
50 48 143 170
698 2 193 265 8.33
230 256 740 885
699 25 3 234 0.10
30 129 29 29
700 47 164 288 0.10
7 37 8 8
701 13 34 243 0.10
6 17 5 6
702 14 192 272 21.74
1212 1549 447 386
703 21 79 162 0.10
0 0 0 0
704 17 80 259 8.05
229 273 1135 208
705 31 90 280 4.03
162 677 475 169
706 76 51 247 0.17
27 24 171 25
707 10 170 286 6.59
232 197 228 966
708 21 5 99 12.45
276 278 780 1210
709 21 1 192 2.33
610 111 102 106
710 22 77 274 6.65
1043 199 203 193
711 9 38 146 0.10
30 107 61 30
712 11 26 228 7.89
247 215 435 1075
713 5 6 173 1.49
441 242 111 108
714 19 12 257 0.10
2 2 2 8
715 35 15 238 0.39
50 252 52 51
716 100 12 262 0.68
70 72 78 323
717 116 142 288 0.18
177 28 26 27
718 26 51 248 0.91
91 221 313 86
719 41 224 288 9.52
212 1258 308 204
720 90 25 158 1.11
75 80 69 404
721 36 195 286 1.24
332 304 109 92
722 9 20 271 1.58
91 91 520 76
723 20 101 217 8.36
281 247 895 703
724 61 69 172 0.51
48 293 50 52
725 28 9 130 0.35
238 44 50 52
726 9 4 218 0.10
76 12 11 11
727 5 51 188 0.77
361 67 65 56
728 56 20 258 7.76
247 279 730 863
729 28 32 93 0.43
41 46 276 45
730 102 0 167 0.10
25 28 42 110
731 31 7 267 0.41
261 51 44 51
732 36 40 161 2.29
599 119 113 117
733 8 7 151 0.90
69 370 61 63
734 44 158 258 1.88
100 104 96 549
735 22 74 221 8.70
566 1096 261 295
736 48 116 237 1.15
97 422 115 86
737 24 2 114 2.34
95 113 623 102
738 182 42 249 0.15
37 33 154 38
739 10 19 224 1.19
81 83 82 434
740 104 35 142 2.31
112 119 126 620
741 30 31 284 3.38
554 497 168 163
742 44 31 207 0.10
16 86 15 14
743 6 36 278 0.28
213 43 42 40
744 21 254 288 8.05
1127 181 207 208
745 10 16 276 14.49
1115 1051 350 347
746 3 68 165 0.10
8 46 8 7
747 2 1 275 0.10
77 16 14 14
748 1 9 232 22.25
400 394 1138 1621
749 79 103 266 1.72
100 531 87 90
750 28 0 146 4.17
201 208 583 559
751 1 48 284 2.98
141 699 134 155
752 21 4 262 0.55
60 60 291 60
753 53 118 205 12.19
765 1198 329 281
754 3 136 170 3.86
144 147 797 146
755 2 24 96 1.24
450 87 83 89
756 8 146 211 3.31
702 148 150 144
757 39 10 215 0.28
219 37 33 33
758 37 13 202 2.91
122 121 119 730
759 4 33 142 3.64
163 178 630 469
760 28 256 288 0.41
51 51 47 254
761 3 145 287 0.91
62 63 394 64
762 24 7 42 0.74
79 330 123 76
763 9 100 201 0.85
58 379 63 65
764 35 16 150 2.63
102 97 110 677
765 14 6 233 0.10
16 17 80 17
766 7 45 267 4.62
863 164 171 169
767 19 49 171 0.10
25 123 24 23
768 8 277 288 18.87
420 1085 1327 545
769 105 55 256 0.40
36 257 44 39
770 18 43 273 3.00
519 439 133 150
771 167 6 250 0.10
9 8 9 46
772 36 76 284 0.67
62 338 62 58
773 14 28 49 0.10
8 8 27 8
774 10 2 245 1.61
512 89 83 80
775 91 7 144 0.10
8 36 7 7
776 12 1 223 0.10
6 6 6 32
777 2 0 95 2.38
111 618 116 106
778 8 1 182 23.40
1291 1398 552 450
779 35 38 247 2.67
529 408 128 126
780 36 76 283 9.01
248 238 859 824
781 5 159 262 0.10
4 4 20 4
782 21 45 265 0.13
148 25 28 31
783 129 4 156 0.10
34 6 6 7
784 13 3 221 4.47
137 152 849 138
785 15 16 284 0.10
24 127 24 21
786 6 252 287 0.12
27 27 145 29
787 48 42 109 0.10
1 1 1 4
788 21 9 251 0.10
16 16 14 85
789 34 2 229 0.10
1 6 1 1
790 95 19 282 0.10
6 7 29 7
791 32 169 288 1.09
67 69 422 72
792 10 25 77 3.03
703 131 122 131
793 14 144 270 0.46
284 42 41 46
794 75 125 274 0.21
37 40 42 180
795 4 222 277 3.56
139 741 171 167
796 33 8 164 1.64
97 514 100 95
797 18 196 272 1.36
83 89 79 468
798 32 36 268 3.82
692 397 188 177
799 50 155 242 2.41
639 120 124 106
800 5 65 248 4.97
205 621 656 199
801 2 52 187 0.34
42 232 41 43
802 20 55 246 0.66
66 331 58 57
803 14 32 153 1.98
110 556 165 115
804 18 96 203 0.36
44 236 43 45
805 4 12 272 1.02
79 66 69 392
806 19 173 280 2.14
618 103 106 111
807 21 3 282 19.92
370 412 1157 1322
808 22 51 214 18.88
961 1542 415 383
809 18 42 224 2.80
134 697 131 130
810 17 39 202 1.81
119 119 392 377
811 16 55 164 0.17
30 163 30 29
812 50 85 195 0.53
57 59 63 291
813 130 8 157 0.75
305 185 80 71
814 44 30 211 0.19
28 32 28 174
815 2 156 205 2.03
122 427 372 138
816 36 91 288 0.18
31 169 32 32
817 66 67 279 0.31
39 231 42 36
818 91 35 218 0.87
207 314 75 77
819 22 107 287 0.42
163 198 55 64
820 3 90 288 2.14
127 149 517 260
821 15 115 202 0.10
68 13 14 14
822 124 123 288 1.11
87 82 84 420
823 11 84 251 1.26
105 271 379 96
824 6 52 175 0.10
4 23 4 4
825 28 5 105 0.10
21 20 30 101
826 6 5 257 1.85
99 94 100 562
827 12 9 135 22.12
440 418 1404 1288
828 12 15 190 0.18
29 28 34 162
829 33 43 149 2.21
98 601 104 114
830 1 2 99 10.61
260 627 1211 250
831 34 32 282 0.10
6 17 6 6
832 5 186 287 5.76
971 152 152 186
833 118 50 199 0.10
14 12 77 13
834 43 169 288 9.26
257 252 809 910
835 14 55 256 5.56
694 656 202 205
836 25 0 143 4.60
178 178 159 852
837 24 89 159 0.20
192 35 32 33
838 26 18 90 0.10
8 8 31 8
839 94 34 239 0.10
0 0 0 0
840 25 21 225 1.82
91 106 107 519
841 45 4 288 0.25
206 34 34 34
842 0 0 14 0.10
16 15 14 76
843 50 132 287 0.10
8 39 7 7
844 0 118 221 2.07
99 104 140 566
845 30 129 288 0.67
60 61 66 327
846 45 21 167 0.10
85 14 13 15
847 9 31 280 0.23
39 32 198 34
848 19 149 243 0.10
5 5 12 5
849 28 113 195 0.32
229 41 45 45
850 80 3 96 0.25
40 36 148 140
851 55 105 267 4.45
838 167 161 148
852 6 25 256 11.52
303 274 608 1259
853 117 80 283 0.17
149 67 35 33
854 17 65 246 1.73
294 453 108 117
855 45 66 229 1.12
430 75 74 82
856 20 12 163 0.74
58 346 60 61
857 57 27 239 9.38
262 598 1101 277
858 40 28 221 0.31
44 47 226 40
859 11 134 288 0.21
185 33 34 33
860 12 6 278 0.10
20 20 119 20
861 31 13 201 0.10
4 4 19 4
862 9 4 92 0.10
8 34 7 8
863 8 68 247 0.10
16 16 16 116
864 21 20 269 12.47
268 256 630 1329
865 18 203 268 0.10
19 20 106 20
866 124 10 288 0.42
265 50 51 45
867 2 40 282 0.21
29 29 29 177
868 60 44 236 0.10
17 19 95 19
869 1 0 56 3.30
143 126 119 748
870 41 94 174 3.76
374 681 172 166
871 76 89 191 0.10
2 2 6 2
872 113 42 203 0.10
21 20 20 119
873 153 25 281 0.19
186 31 33 33
874 15 155 250 0.86
79 73 148 346
875 102 50 204 2.18
104 607 105 116
876 31 33 274 0.43
268 50 43 45
877 45 47 199 2.63
137 143 620 247
878 0 104 168 0.41
57 173 196 61
879 24 117 281 12.72
304 291 581 1351
880 22 73 288 1.35
428 202 105 108
881 3 3 276 0.10
125 24 20 23
882 18 30 158 3.74
346 725 159 148
883 26 29 288 3.65
588 531 193 157
884 43 89 193 0.17
174 31 28 28
885 10 2 282 13.62
288 679 1315 449
886 5 96 285 0.10
72 14 14 12
887 84 58 251 0.10
7 7 7 47
888 153 75 265 0.10
85 13 14 15
889 14 0 283 0.62
61 302 58 67
890 36 165 288 0.16
32 32 160 29
891 8 53 288 6.38
194 208 982 376
892 64 38 168 6.30
209 1044 195 194
893 47 58 206 3.98
128 140 129 798
894 30 1 104 0.10
4 4 4 24
895 19 11 276 4.03
377 706 185 185
896 27 20 253 9.96
1173 551 276 246
897 17 52 152 6.52
742 712 234 256
898 42 53 246 0.39
46 43 251 43
899 51 199 288 1.05
95 82 92 396
900 17 156 273 0.10
95 19 19 20
901 44 7 195 5.76
197 196 945 309
902 12 179 214 0.10
16 16 17 62
903 19 0 93 0.10
23 24 129 27
904 78 25 230 1.53
82 499 88 91
905 7 78 170 0.29
37 34 40 209
906 7 26 277 1.40
480 84 103 99
907 25 47 284 0.83
63 370 73 70
908 15 120 238 5.51
167 963 274 188
909 7 72 281 0.11
23 138 22 25
910 0 107 286 8.11
1049 476 245 217
911 11 36 181 4.63
161 155 877 140
912 20 7 176 0.41
52 133 226 54
913 37 4 247 6.86
183 180 182 1041
914 28 31 112 3.18
142 154 707 136
915 25 128 254 1.97
91 110 93 557
916 6 142 179 0.10
10 36 27 9
917 8 45 165 0.16
27 30 32 162
918 70 8 266 5.56
632 716 194 177
919 50 67 274 3.86
139 144 124 783
920 66 130 276 0.10
83 16 13 14
921 7 0 253 1.07
65 64 65 404
922 79 46 254 0.78
65 350 68 64
923 54 0 152 3.78
144 143 145 778
924 23 85 257 1.56
519 85 90 87
925 5 90 221 0.82
52 57 377 54
926 10 103 280 1.53
86 82 81 496
927 10 17 282 0.10
4 4 24 4
928 46 36 200 0.93
84 83 88 381
929 28 131 229 2.28
121 223 582 132
930 30 0 66 0.66
54 64 59 325
931 32 154 278 5.16
163 164 198 899
932 30 23 222 0.10
61 11 12 12
933 50 80 207 0.10
17 76 15 15
934 104 47 215 0.10
25 128 21 25
935 11 139 247 1.34
83 181 441 80
936 8 104 238 0.71
68 338 78 66
937 8 0 240 5.77
203 196 948 171
938 68 46 173 4.50
859 186 171 176
939 5 20 223 1.23
78 443 74 75
940 18 205 287 0.27
209 36 41 39
941 2 49 288 3.11
148 165 300 635
942 0 2 276 26.31
476 825 1440 1362
943 10 132 248 24.85
463 494 1446 1338
944 2 1 274 12.31
305 311 598 1359
945 39 151 199 0.10
38 6 7 7
946 39 21 148 12.35
310 352 1073 886
947 46 149 288 0.10
66 10 10 11
948 0 140 203 1.24
95 94 89 436
949 34 13 260 0.22
45 190 45 38
950 47 106 190 0.10
5 17 6 6
951 6 204 278 2.64
128 191 614 148
952 14 82 99 6.04
555 823 247 216
953 79 16 264 0.36
46 44 239 43
954 7 99 285 1.38
478 95 90 95
955 4 11 225 2.40
131 122 558 325
956 6 51 105 1.56
104 490 112 90
957 30 12 217 1.47
437 252 110 116
958 32 174 284 2.40
109 114 631 105
959 22 1 135 13.24
259 264 593 1324
960 15 55 279 5.54
210 184 897 369
961 10 80 163 0.33
53 218 86 51
962 0 30 240 0.10
26 113 22 24
963 22 191 241 0.89
199 321 89 75
964 13 1 219 30.55
497 1311 1622 1025
965 28 142 287 1.01
77 79 68 397
966 66 5 275 1.90
106 104 186 529
967 50 21 117 0.10
23 120 22 20
968 18 1 83 35.81
1552 1609 1158 487
969 78 14 221 1.52
524 82 81 87
970 16 28 100 2.49
116 101 106 644
971 8 186 286 0.81
72 64 73 354
972 43 106 260 0.77
87 81 260 229
973 56 1 244 1.53
101 91 91 472
974 15 79 280 0.38
256 42 39 40
975 5 91 267 5.63
149 165 991 171
976 101 3 188 0.75
64 64 356 61
977 59 26 258 0.10
1 1 1 4
978 11 23 287 8.43
243 845 814 226
979 55 67 232 0.11
31 130 33 30
980 89 14 214 0.11
31 29 136 26
981 12 0 127 71.05
1692 1726 1862 1903
982 7 33 90 0.10
3 17 3 3
983 86 14 228 0.10
23 20 109 19
984 23 38 238 0.58
54 59 53 297
985 10 182 288 0.90
81 85 366 83
986 1 46 189 0.10
25 5 5 5
987 12 0 85 13.80
596 1389 362 334
988 44 16 181 0.26
42 44 200 39
989 16 32 271 0.16
158 34 34 33
990 82 91 193 1.69
109 106 132 509
991 13 22 118 0.69
57 62 341 61
992 17 161 270 0.38
45 49 43 246
993 44 91 251 0.10
20 21 22 114
994 20 110 220 3.70
672 408 169 186
995 61 49 276 0.30
42 38 38 210
996 1 241 276 0.18
35 35 34 168
997 1 4 235 3.46
151 747 143 142
998 12 60 224 0.27
36 34 215 39
999 15 165 203 3.57
786 123 135 137
1000 13 221 266 0.10
10 11 52 9
1001 35 23 211 0.21
36 191 33 31
1002 110 36 288 0.19
28 176 29 33
1003 9 0 239 20.61
415 439 1093 1538
1004 19 104 268 9.32
1029 721 289 272
1005 7 25 179 4.38
147 137 134 838
1006 13 82 273 0.10
57 12 11 11
1007 38 39 288 0.11
25 133 25 31
1008 49 85 279 0.19
178 31 30 34
1009 22 159 188 0.73
72 75 69 336
1010 44 3 68 1.48
109 100 88 460
1011 6 65 184 0.28
42 39 39 204
1012 9 26 77 1.33
80 477 79 91
1013 6 268 288 3.82
124 799 143 148
1014 5 3 189 3.79
122 134 798 150
1015 25 64 272 1.33
80 80 90 459
1016 12 156 288 17.87
407 936 1409 368
1017 70 20 253 0.30
41 38 231 38
1018 3 1 126 6.62
439 950 228 211
1019 6 159 266 21.48
460 1349 1243 433
1020 4 116 151 4.19
142 140 134 818
1021 5 68 235 0.45
59 266 62 61
1022 10 0 122 0.19
28 29 175 33
1023 3 140 284 0.40
41 37 45 263
1024 31 168 281 0.10
96 18 18 17
1025 52 132 246 0.10
24 21 23 100
1026 103 15 227 0.10
23 123 20 20
1027 19 8 222 1.39
116 255 402 109
1028 3 128 288 0.18
166 30 35 33
1029 6 105 213 0.92
398 70 66 66
1030 13 180 263 0.10
131 19 23 23
1031 17 67 284 5.67
167 173 991 164
1032 11 76 273 0.55
60 67 146 263
1033 24 159 281 1.50
342 388 116 95
1034 6 13 149 0.10
71 13 12 11
1035 7 85 266 9.69
1248 272 254 243
1036 68 41 229 0.32
41 37 40 241
1037 3 56 235 0.10
75 16 16 16
1038 5 23 121 25.62
487 504 1464 1409
1039 64 131 272 6.21
177 1041 244 174
1040 66 46 180 0.10
40 34 13 13
1041 151 20 278 0.51
49 48 290 45
1042 13 25 155 0.13
27 28 31 145
1043 7 72 101 1.11
67 84 433 65
1044 2 107 279 0.10
7 7 38 7
1045 8 18 168 3.81
125 127 139 788
1046 14 1 51 4.56
795 354 165 151
1047 10 208 269 1.96
113 575 133 108
1048 48 6 142 0.34
37 40 37 235
1049 25 78 195 0.31
58 205 90 54
1050 40 16 262 3.26
749 128 117 130
1051 4 11 168 0.33
40 47 44 230
1052 10 6 238 1.70
526 118 99 107
1053 37 34 243 0.25
215 34 30 35
1054 31 0 266 0.10
106 17 15 15
1055 28 0 243 0.24
32 207 33 32
1056 74 2 121 1.11
63 447 64 71
1057 14 11 278 2.28
616 114 97 110
1058 1 229 288 0.10
18 108 18 18
1059 50 1 268 0.31
43 228 44 40
1060 109 98 281 0.87
67 60 67 376
1061 3 119 251 1.81
96 98 97 556
1062 63 32 237 0.10
81 12 14 13
1063 12 73 217 5.44
183 157 921 188
1064 16 18 145 2.64
149 142 239 598
1065 39 60 267 0.78
77 285 229 74
1066 49 200 281 1.82
95 96 561 98
1067 56 139 265 0.79
67 64 58 357
1068 22 64 126 0.20
28 27 177 32
1069 109 35 231 0.10
13 15 15 78
1070 60 52 262 2.68
120 133 124 667
1071 36 130 285 0.18
172 33 31 31
1072 41 40 284 7.00
877 656 207 218
1073 2 0 242 7.69
938 630 264 223
1074 224 18 288 0.10
29 78 104 29
1075 9 77 194 0.10
6 6 44 6
1076 4 125 277 0.10
69 12 14 13
1077 4 20 258 0.10
21 23 25 121
1078 10 39 283 0.61
55 330 56 52
1079 3 79 209 0.10
48 7 7 7
1080 35 213 288 15.77
312 353 998 1261
1081 4 138 281 10.69
282 385 1214 408
1082 4 180 260 5.65
180 187 200 937
1083 99 3 253 0.10
7 7 6 38
1084 51 1 222 1.21
101 107 342 269
1085 2 62 230 0.10
130 19 20 20
1086 19 40 226 2.17
135 345 483 123
1087 28 223 261 0.21
41 36 37 179
1088 15 0 184 8.27
234 220 214 1152
1089 7 56 254 3.04
126 716 135 131
1090 19 0 219 2.38
134 125 134 608
1091 17 15 260 0.50
283 58 49 58
1092 20 153 217 0.48
286 51 47 44
1093 82 91 288 0.78
61 64 62 358
1094 13 3 39 4.89
876 283 159 177
1095 17 92 284 0.20
38 38 32 180
1096 38 3 206 0.73
57 334 57 57
1097 19 14 256 1.87
102 549 112 104
1098 44 48 143 0.10
24 22 128 20
1099 9 2 288 10.06
240 214 255 1290
1100 3 34 177 6.42
183 185 313 1008
1101 16 8 240 0.10
7 35 8 8
1102 8 188 279 1.16
81 151 413 88
1103 3 0 235 29.94
490 819 1433 1589
1104 9 78 288 7.89
1097 196 205 210
1105 21 32 242 0.76
71 79 79 341
1106 78 155 280 3.20
141 727 152 153
1107 46 61 255 0.50
56 299 52 54
1108 10 32 235 0.46
274 51 43 50
1109 2 0 35 1.73
95 97 107 534
1110 3 59 212 3.20
733 141 119 134
1111 23 95 253 0.11
27 23 141 27
1112 64 46 188 6.36
164 198 195 981
1113 43 59 227 0.37
44 40 243 47
1114 34 57 265 2.86
688 136 121 112
1115 50 41 273 0.54
55 62 58 289
1116 32 27 274 14.13
318 326 698 1288
1117 2 209 277 5.13
957 160 153 173
1118 56 2 248 0.69
64 68 337 67
1119 21 55 273 0.76
60 59 67 338
1120 11 213 257 7.97
240 1182 240 231
1121 24 131 240 1.82
118 115 194 507
1122 13 104 173 1.79
111 106 114 522
1123 81 13 237 1.66
85 87 509 168
1124 83 22 126 0.28
222 39 38 38
1125 86 40 277 0.16
24 166 23 23
1126 72 24 256 3.42
125 126 123 765
1127 35 34 288 36.04
1484 1382 1355 646
1128 109 26 285 0.90
76 387 78 69
1129 2 11 134 1.12
97 89 139 404
1130 6 117 157 0.59
58 59 51 296
1131 19 19 280 8.51
277 1111 222 231
1132 24 0 204 0.10
50 9 8 8
1133 11 151 288 2.61
629 227 139 139
1134 5 55 101 5.33
220 942 158 167
1135 114 103 288 3.37
544 511 159 164
1136 0 23 194 0.19
28 177 27 33
1137 35 62 288 0.10
12 72 12 11
1138 39 235 288 0.15
155 35 29 29
1139 73 0 168 0.36
248 41 45 37
1140 48 29 167 1.53
509 94 97 81
1141 14 259 283 0.18
36 36 57 163
1142 13 24 266 0.10
18 20 88 18
1143 14 64 264 0.10
9 10 58 9
1144 24 151 263 0.22
38 184 41 41
1145 44 102 286 1.00
249 333 89 91
1146 3 45 144 0.49
46 50 53 281
1147 1 145 275 2.10
586 89 92 105
1148 9 16 118 0.75
63 352 74 63
1149 6 220 249 4.36
182 351 774 180
1150 80 29 209 0.10
12 11 57 11
1151 50 164 288 2.22
120 588 108 111
1152 24 175 285 3.34
152 737 147 144
1153 4 56 287 0.10
11 75 11 11
1154 13 9 106 0.97
65 73 405 68
1155 21 24 182 0.25
212 37 34 34
1156 13 8 277 1.98
109 94 99 564
1157 7 1 187 25.16
1445 1387 659 527
1158 13 47 90 0.10
79 16 16 14
1159 16 13 267 0.72
80 142 319 72
1160 42 83 229 0.18
177 37 32 37
1161 10 60 131 7.86
1161 185 186 191
1162 17 103 192 2.65
680 137 134 125
1163 15 213 251 15.84
357 325 1122 1155
1164 4 3 132 46.25
1434 1594 1842 745
1165 13 21 210 0.14
26 26 23 149
1166 3 110 222 0.18
179 32 34 31
1167 32 14 221 24.71
474 606 1484 1294
1168 9 65 142 0.14
151 29 27 27
1169 27 93 241 4.92
213 202 427 826
1170 55 0 188 0.52
56 63 52 282
1171 40 26 288 0.10
6 5 5 19
1172 9 112 228 1.29
89 87 464 87
1173 41 11 262 3.47
119 136 751 119
1174 39 54 274 0.10
128 21 21 20
1175 4 59 185 0.10
40 33 11 11
1176 13 47 107 0.19
33 177 38 33
1177 25 47 257 0.42
43 41 262 40
1178 73 126 288 0.10
21 105 20 21
1179 42 10 137 0.10
3 16 3 3
1180 24 48 208 0.34
41 39 40 237
1181 119 21 274 2.56
126 110 120 634
1182 82 85 287 1.04
93 81 80 403
1183 11 77 250 4.79
156 162 222 858
1184 12 109 250 2.74
114 670 121 111
1185 5 81 269 0.22
36 38 149 123
1186 39 90 246 0.28
209 37 39 40
1187 45 12 127 0.10
14 13 71 14
1188 35 73 218 1.09
60 60 435 66
1189 15 226 282 0.36
255 41 41 40
1190 17 99 204 0.99
80 406 85 74
1191 32 90 219 2.00
500 288 126 119
1192 5 59 137 0.10
61 100 30 26
1193 1 2 117 0.11
29 31 59 121
1194 8 49 179 12.64
275 1385 623 285
1195 40 189 288 3.39
293 691 149 140
1196 28 202 288 0.26
218 34 36 39
1197 41 33 283 0.78
61 112 344 70
1198 29 35 251 1.09
72 432 70 77
1199 20 2 229 5.68
592 782 219 222
1200 12 2 140 11.71
486 1292 283 246
1201 4 114 221 3.34
135 129 118 752
1202 36 66 280 0.84
382 61 55 58
1203 48 142 271 0.17
32 29 35 171
1204 14 28 221 5.21
163 157 194 906
1205 7 13 123 0.10
122 24 23 22
1206 30 58 143 0.26
47 200 42 42
1207 45 6 94 1.21
305 325 99 104
1208 7 36 230 2.24
115 602 145 105
1209 0 10 109 0.10
25 22 127 23
1210 13 210 288 4.97
171 760 528 165
1211 13 0 82 24.93
424 427 1524 1352
1212 28 21 214 0.31
42 46 42 220
1213 67 55 260 3.80
164 154 784 148
1214 118 33 246 0.67
333 57 53 62
1215 38 1 161 0.16
30 31 158 31
1216 3 3 186 7.51
963 601 226 215
1217 57 13 216 0.10
12 76 10 11
1218 65 4 123 6.34
1039 177 175 174
1219 10 40 142 2.51
133 124 619 214
1220 25 10 288 0.10
3 21 3 3
1221 11 60 245 0.28
212 40 46 48
1222 55 126 274 0.10
7 7 6 15
1223 45 0 244 4.40
194 247 805 173
1224 2 56 286 0.32
46 39 235 41
1225 38 25 236 0.50
61 64 190 214
1226 100 11 235 0.28
214 43 43 42
1227 50 5 237 0.12
34 116 75 34
1228 26 72 288 1.15
92 82 81 437
1229 1 42 250 0.10
15 77 13 14
1230 25 1 146 0.65
329 65 59 66
1231 1 67 271 19.65
777 1551 767 419
1232 19 73 190 3.27
173 143 589 457
1233 12 101 276 0.46
55 268 50 52
1234 6 19 246 11.39
475 1316 252 247
1235 28 6 288 2.46
492 405 116 133
1236 55 36 231 3.27
737 129 135 119
1237 50 91 285 0.10
15 15 96 17
1238 31 93 279 0.60
313 70 71 64
1239 60 66 202 2.95
158 448 528 138
1240 2 9 257 1.34
100 323 343 104
1241 151 107 288 0.10
87 16 14 14
1242 3 103 252 0.16
28 161 28 31
1243 76 110 245 1.25
76 78 467 80
1244 26 216 287 3.37
132 751 155 142
1245 36 37 233 0.27
47 49 40 200
1246 97 8 288 0.16
167 29 28 27
1247 114 113 285 0.31
48 44 50 221
1248 43 4 218 4.45
147 133 146 853
1249 16 32 108 1.21
75 438 78 75
1250 11 71 252 0.75
70 68 342 82
1251 5 41 287 0.14
30 111 97 34
1252 5 157 252 5.97
420 905 209 211
1253 76 3 235 1.87
563 109 107 90
1254 14 45 173 0.10
134 26 28 23
1255 48 59 282 4.12
187 189 732 391
1256 45 14 113 0.57
305 61 59 60
1257 80 64 240 0.10
15 17 66 18
1258 18 6 263 0.56
55 290 55 57
1259 14 9 223 2.62
136 406 508 128
1260 5 9 272 0.50
46 285 41 42
1261 15 53 240 0.32
41 42 221 43
1262 33 130 288 6.93
181 201 212 1045
1263 27 2 52 2.10
103 578 112 112
1264 5 10 109 2.59
655 115 107 110
1265 9 69 147 0.10
19 20 21 129
1266 31 27 205 0.10
25 105 24 25
1267 41 120 224 0.35
42 233 41 49
1268 11 52 227 4.71
567 654 195 209
1269 36 194 280 0.10
17 17 76 15
1270 3 81 222 10.77
338 1258 268 268
1271 40 16 106 0.44
46 43 44 270
1272 26 53 194 2.74
131 662 214 131
1273 79 52 208 1.16
87 436 86 76
1274 9 118 266 0.10
15 24 5 5
1275 24 16 216 19.68
1207 1395 476 427
1276 19 20 240 2.64
345 536 166 166
1277 36 1 188 0.90
391 68 62 71
1278 30 36 248 0.67
60 341 49 58
1279 46 73 273 4.55
199 172 745 460
1280 108 151 281 7.40
1076 210 194 190
1281 45 35 268 0.19
26 183 29 27
1282 8 207 271 1.38
278 384 91 100
1283 77 104 256 0.17
33 163 30 27
1284 31 39 276 4.05
162 143 795 194
1285 11 194 221 9.11
260 716 985 290
1286 18 117 185 0.66
58 60 320 66
1287 46 119 240 0.45
49 42 50 277
1288 47 23 259 0.10
22 21 23 103
1289 1 48 224 3.12
145 744 130 126
1290 2 148 276 1.72
126 282 438 127
1291 18 4 288 0.10
23 23 119 24
1292 100 51 197 0.12
148 27 26 23
1293 5 11 288 6.03
238 935 198 180
1294 28 1 110 0.61
326 62 64 67
1295 5 39 211 0.10
24 119 23 23
1296 14 63 165 2.06
609 111 107 102
1297 36 6 190 0.10
19 18 18 100
1298 9 114 260 2.32
601 111 135 119
1299 24 2 213 0.58
316 67 63 68
1300 39 24 204 2.10
106 95 609 99
1301 7 33 258 9.60
336 1152 351 281
1302 92 102 265 0.13
30 150 26 29
1303 60 148 268 0.23
32 32 194 34
1304 4 52 265 20.13
1036 1418 722 463
1305 14 263 288 0.46
47 54 270 54
1306 36 4 106 12.09
568 1240 339 329
1307 5 59 83 0.49
58 283 56 53
1308 3 22 278 11.37
284 579 1270 257
1309 19 164 288 0.39
51 55 58 242
1310 5 183 287 9.44
322 1166 232 223
1311 11 1 120 2.24
103 606 110 104
1312 11 30 167 1.68
522 96 96 102
1313 37 95 288 6.25
830 613 221 195
1314 32 15 276 0.13
34 34 147 33
1315 25 72 230 5.20
927 144 160 169
1316 47 182 287 7.89
1160 173 205 201
1317 218 3 288 0.43
45 264 50 50
1318 145 109 288 0.23
33 193 35 34
1319 113 8 140 0.24
197 38 33 38
1320 126 16 211 0.94
89 79 397 80
1321 78 5 123 0.64
70 313 62 66
1322 1 25 186 6.92
1042 267 221 217
1323 60 4 280 0.53
64 56 53 289
1324 66 76 286 0.10
23 25 23 110
1325 20 35 253 3.64
116 136 796 131
1326 17 107 278 5.91
209 190 188 981
1327 29 66 288 0.83
68 376 70 67
1328 11 19 281 50.13
1416 1836 1760 882
1329 58 27 265 0.30
218 34 33 40
1330 18 62 260 3.75
163 161 242 743
1331 30 11 190 2.43
638 123 109 122
1332 68 59 269 0.10
29 5 5 5
1333 27 193 288 3.62
793 147 154 160
1334 27 25 288 0.10
124 20 20 22
1335 38 6 135 1.78
103 555 88 91
1336 24 124 278 0.33
51 44 51 227
1337 13 13 105 10.20
279 529 1153 309
1338 113 22 287 0.10
8 49 7 7
1339 8 64 174 2.36
120 118 122 625
1340 9 50 216 4.50
181 185 171 837
1341 10 30 257 0.15
33 152 30 34
1342 5 20 116 2.52
649 115 139 131
1343 25 0 239 0.41
43 49 45 255
1344 7 5 241 0.25
30 34 32 192
1345 13 0 68 0.10
102 19 17 18
1346 95 123 288 0.10
68 11 12 12
1347 21 40 261 0.10
23 23 133 23
1348 5 180 288 0.10
15 16 16 90
1349 42 96 230 0.73
63 62 61 345
1350 56 74 268 0.43
50 46 51 259
1351 81 195 284 0.10
14 16 97 14
1352 24 230 288 0.39
46 49 260 43
1353 35 2 177 0.25
37 38 197 41
1354 37 54 288 27.93
1619 1433 497 493
1355 47 67 275 0.27
220 37 38 40
1356 5 81 187 0.10
103 23 22 23
1357 6 1 118 5.66
940 332 156 168
1358 7 259 288 0.13
33 29 30 142
1359 4 84 272 0.17
150 68 34 33
1360 61 209 288 0.27
40 215 44 38
1361 35 138 249 0.10
4 4 4 22
1362 44 0 200 3.72
140 155 758 224
1363 43 55 199 1.80
102 118 530 112
1364 15 8 196 0.63
324 97 63 63
1365 41 64 263 1.63
94 78 534 88
1366 19 202 273 0.21
32 193 31 30
1367 93 1 230 0.54
54 304 48 49
1368 3 40 196 0.10
13 14 13 77
1369 35 126 275 4.36
131 196 869 146
1370 3 63 216 1.52
508 80 90 89
1371 14 32 258 0.42
47 261 52 47
1372 65 114 288 0.10
113 18 16 17
1373 38 250 288 6.74
182 176 185 1032
1374 21 37 66 4.29
825 168 149 176
1375 13 3 132 10.66
288 284 1225 572
1376 36 1 121 1.72
95 557 99 101
1377 24 15 219 0.40
260 48 49 43
1378 7 54 187 0.16
35 163 30 35
1379 33 33 266 3.08
748 114 125 102
1380 49 140 286 2.83
115 116 130 673
1381 14 60 160 0.10
13 16 106 14
1382 127 19 209 2.69
116 117 678 136
1383 18 128 288 0.28
47 156 151 49
1384 47 65 170 7.28
209 196 197 1092
1385 22 221 271 1.59
89 88 85 507
1386 8 47 191 7.24
1067 312 196 197
1387 64 88 278 2.00
125 139 492 307
1388 9 129 218 0.34
49 47 139 194
1389 42 65 270 0.10
18 38 9 8
1390 22 129 288 1.96
104 114 96 555
1391 47 22 148 0.29
40 46 40 205
1392 21 12 145 5.15
583 734 214 193
1393 32 102 255 1.87
96 87 88 538
1394 12 21 114 0.10
12 65 11 11
1395 3 0 41 16.39
1411 829 355 364
1396 20 222 288 19.14
1123 1441 458 402
1397 59 110 179 1.90
329 460 129 118
1398 9 147 288 0.23
35 38 36 191
1399 26 25 288 6.95
219 219 1003 420
1400 76 0 216 0.34
241 38 44 45
1401 31 139 283 1.04
407 82 89 77
1402 35 62 141 3.13
713 140 139 122
1403 9 80 143 0.36
39 39 36 245
1404 28 58 269 0.10
19 21 17 80
1405 16 230 281 0.10
19 19 87 39
1406 16 154 275 1.77
547 104 94 96
1407 91 24 131 0.66
61 58 323 58
1408 22 29 284 25.09
1176 1639 695 471
1409 62 145 267 3.44
533 488 176 152
1410 11 0 194 4.81
172 175 163 884
1411 17 110 230 2.22
94 106 623 97
1412 47 194 250 10.08
715 1096 276 287
1413 46 38 288 0.20
36 174 34 34
1414 15 5 262 5.13
177 188 756 495
1415 53 3 225 0.25
41 36 39 202
1416 2 0 22 1.56
359 337 123 115
1417 14 1 260 0.10
3 17 3 3
1418 78 74 282 0.17
35 32 167 34
1419 45 111 254 2.77
141 126 674 153
1420 3 60 288 4.09
164 254 776 144
1421 64 170 264 1.86
101 559 147 99
1422 39 8 288 4.09
815 147 153 159
1423 29 30 255 0.28
41 44 48 210
1424 6 47 133 0.20
39 180 32 32
1425 65 44 235 0.10
78 16 16 15
1426 3 123 279 4.80
916 146 144 137
1427 23 6 138 1.95
567 97 107 101
1428 6 1 85 17.78
436 1129 1280 505
1429 12 18 111 2.21
98 107 112 598
1430 1 175 267 0.10
12 14 13 73
1431 30 38 202 0.41
74 260 47 56
1432 25 100 209 3.22
149 745 153 134
1433 28 105 231 0.78
367 87 69 69
1434 11 5 198 0.41
49 58 258 54
1435 31 246 288 1.23
89 90 82 440
1436 90 56 279 0.10
95 15 15 17
1437 6 70 228 3.59
538 505 168 174
1438 2 5 218 0.30
41 43 108 185
1439 6 49 244 1.98
576 106 106 117
1440 84 13 240 0.10
53 8 7 8
1441 9 133 179 0.10
6 31 7 7
1442 88 82 248 0.10
1 1 1 6
1443 6 4 139 0.10
4 4 17 4
1444 12 10 81 1.79
492 270 114 116
1445 3 86 243 9.04
1237 219 196 222
1446 7 39 72 0.79
72 371 71 72
1447 56 179 251 0.73
53 335 62 50
1448 26 26 252 0.10
20 18 88 40
1449 13 56 172 0.10
14 73 13 15
1450 44 27 265 3.22
731 112 112 111
1451 84 21 250 2.69
467 440 144 136
1452 6 115 266 15.07
1198 1017 321 350
1453 3 8 71 1.44
83 77 487 87
1454 54 19 270 0.66
61 52 51 316
1455 1 17 98 0.77
82 153 319 81
1456 40 24 230 0.83
82 206 302 84
1457 11 82 225 0.36
43 43 40 240
1458 3 249 288 2.91
677 125 123 138
1459 123 38 273 0.25
206 37 36 33
1460 34 10 182 13.92
542 1425 388 276
1461 39 20 262 0.10
43 8 8 9
1462 36 18 250 4.81
880 191 172 167
1463 25 71 276 0.22
35 193 32 36
1464 13 132 249 0.10
13 75 13 13
1465 17 105 242 14.01
280 611 1411 299
1466 1 200 283 0.42
37 39 42 269
1467 5 72 288 1.30
88 88 87 466
1468 10 64 130 9.90
685 1099 282 279
1469 39 89 288 1.81
107 95 557 96
1470 39 2 288 0.10
17 17 17 92
1471 18 8 68 10.87
296 287 1059 778
1472 73 55 196 0.10
12 72 12 13
1473 14 20 127 8.89
1106 488 247 252
1474 2 62 200 8.53
211 267 1154 205
1475 64 172 277 0.10
10 35 29 9
1476 11 9 57 3.20
304 669 138 148
1477 4 91 288 0.20
39 34 40 178
1478 12 19 186 0.11
23 22 141 22
1479 56 28 277 4.13
453 703 173 166
1480 26 211 278 0.71
347 58 62 64
1481 79 27 253 0.10
56 10 11 12
1482 30 142 256 0.77
107 353 69 77
1483 27 64 273 0.51
53 283 47 50
1484 21 111 234 22.69
1337 1275 632 458
1485 28 63 288 0.10
10 10 9 61
1486 84 30 131 1.97
106 123 544 118
1487 7 38 191 0.10
11 9 11 48
1488 13 11 219 0.19
32 30 30 172
1489 1 22 95 7.04
178 1086 190 203
1490 58 4 157 0.30
41 46 101 188
1491 9 2 136 9.51
1173 442 229 267
1492 36 39 208 1.38
87 90 443 199
1493 11 2 229 1.03
88 402 89 87
1494 31 147 266 6.04
215 228 430 910
1495 10 74 268 1.44
95 96 143 461
1496 39 76 244 0.20
176 42 35 39
1497 48 71 251 3.18
166 163 697 157
1498 45 1 90 0.79
68 68 63 357
1499 17 161 288 0.38
53 48 249 54
1500 20 6 113 0.29
41 134 171 48
1501 3 137 243 0.23
37 43 184 43
1502 24 255 287 0.40
44 260 59 46
1503 4 78 201 0.10
54 33 11 11
1504 13 10 140 0.10
19 20 22 79
1505 25 71 214 0.10
92 17 18 17
1506 13 98 275 2.81
133 682 211 123
1507 65 139 273 0.11
136 25 26 26
1508 28 1 125 0.73
348 55 56 60
1509 43 120 288 19.96
560 1464 967 433
1510 4 12 286 10.38
283 1275 449 278
1511 44 40 228 9.44
1150 454 278 254
1512 33 45 240 0.92
391 59 71 62
1513 65 33 161 0.31
43 41 42 222
1514 1 157 205 0.10
16 18 94 17
1515 21 12 235 17.27
357 368 1251 1148
1516 16 20 237 1.43
342 355 89 89
1517 88 197 288 0.26
203 44 38 44
1518 0 106 221 28.75
517 1631 1462 637
1519 30 8 288 1.08
79 153 394 95
1520 14 129 156 0.10
21 22 20 129
1521 48 11 204 0.19
35 31 178 33
1522 9 159 284 0.32
41 43 36 219
1523 57 1 280 0.62
68 61 315 73
1524 17 24 213 4.46
146 173 830 288
1525 19 39 197 0.10
15 88 17 15
1526 30 6 225 0.32
33 40 229 39
1527 21 37 265 0.77
67 77 354 66
1528 34 86 231 0.10
11 10 11 50
1529 2 153 199 12.80
835 1234 292 275
1530 18 147 282 0.10
89 17 19 17
1531 5 16 160 0.25
208 37 35 32
1532 5 0 173 7.07
253 246 922 524
1533 7 10 245 1.22
75 437 79 90
1534 16 252 275 0.31
53 169 153 52
1535 12 19 126 26.29
483 670 1389 1462
1536 17 64 207 0.20
37 43 110 140
1537 30 83 265 0.10
16 79 13 14
1538 9 0 132 6.18
206 324 951 202
1539 121 32 270 0.10
23 20 23 109
1540 29 118 241 0.10
7 41 8 7
1541 32 0 167 3.26
124 758 142 123
1542 18 186 247 16.67
353 890 1362 456
1543 48 192 285 0.43
57 65 143 223
1544 13 103 277 0.10
6 6 45 7
1545 188 49 264 0.56
61 54 300 58
1546 45 14 217 0.36
42 40 248 44
1547 46 37 212 0.55
49 47 51 300
1548 19 50 185 2.62
126 652 212 144
1549 30 221 286 3.40
135 229 711 135
1550 48 1 180 0.10
8 38 9 8
1551 2 4 134 21.13
405 379 1372 1287
1552 31 13 84 0.42
277 47 49 43
1553 67 147 284 0.10
59 11 12 10
1554 38 153 268 0.10
14 23 5 5
1555 2 2 151 0.57
49 305 53 53
1556 5 220 288 0.10
24 21 22 111
1557 19 18 169 0.73
62 343 61 55
1558 4 107 246 0.58
325 53 51 53
1559 49 156 285 1.16
73 436 71 79
1560 24 22 79 0.10
8 35 8 8
1561 0 29 281 0.37
240 49 48 51
1562 22 57 267 1.58
94 255 463 96
1563 34 104 209 0.13
34 142 32 32
1564 27 27 288 0.13
23 24 150 26
1565 4 0 15 0.11
132 26 26 29
1566 70 94 254 2.87
133 144 686 125
1567 2 10 151 0.33
44 230 42 48
1568 1 26 250 0.14
32 122 86 30
1569 28 4 51 19.20
360 386 1135 1409
1570 24 1 229 0.10
23 22 21 103
1571 11 4 84 4.26
157 176 174 826
1572 3 86 230 2.04
123 351 467 105
1573 3 4 205 0.10
16 16 16 116
1574 61 23 268 0.35
44 242 41 41
1575 82 60 234 2.66
169 664 132 136
1576 1 0 217 12.66
403 1364 461 264
1577 13 66 283 2.69
148 393 527 152
1578 48 19 150 0.10
6 5 32 6
1579 136 15 273 0.10
3 22 3 3
1580 66 63 278 0.10
0 0 0 0
1581 49 52 200 0.10
7 1 1 1
1582 1 187 249 1.16
102 335 271 85
1583 37 199 275 0.10
21 110 20 20
1584 122 4 284 6.32
986 310 184 190
1585 34 20 251 0.32
38 45 44 224
1586 1 5 138 0.80
75 333 116 77
1587 3 54 288 0.50
167 229 62 59
1588 2 0 256 28.49
451 1118 1666 1019
1589 1 16 73 0.10
1 1 1 1
1590 35 17 288 0.67
62 64 339 54
1591 22 84 231 2.21
109 577 238 123
1592 94 5 128 0.10
2 2 2 8
1593 5 148 285 14.37
720 1397 302 303
1594 53 8 250 4.18
167 829 247 180
1595 3 121 264 0.72
59 356 52 62
1596 151 123 288 0.10
12 53 12 11
1597 105 10 251 0.73
62 60 66 344
1598 13 17 244 1.09
105 329 255 86
1599 0 196 279 0.10
16 16 76 17
1600 12 9 196 10.53
892 990 302 278
1601 26 2 279 3.32
146 140 273 677
1602 27 18 98 0.10
3 17 3 3
1603 21 99 193 0.14
149 57 34 31
1604 12 26 191 20.58
389 764 1354 1014
1605 2 37 210 0.22
35 191 32 33
1606 43 19 134 1.13
77 408 115 88
1607 1 41 234 0.13
21 149 24 22
1608 8 60 119 1.57
505 116 115 103
1609 31 33 194 0.91
73 403 70 68
1610 76 17 182 5.32
206 293 877 206
1611 4 105 281 0.44
209 162 67 59
1612 19 72 141 1.79
98 88 101 522
1613 11 229 288 0.34
249 42 40 41
1614 22 10 112 2.20
102 114 110 595
1615 21 138 255 3.80
148 167 230 754
1616 15 46 287 1.00
80 158 382 84
1617 8 0 247 0.28
39 39 210 39
1618 43 22 282 0.10
8 33 7 8
1619 12 99 267 4.18
141 140 808 215
1620 27 31 245 0.13
27 149 30 29
1621 9 201 288 7.88
1052 430 213 238
1622 37 66 279 2.85
698 125 108 102
1623 47 146 266 0.10
0 0 0 0
1624 24 195 279 0.31
40 39 36 223
1625 17 118 247 1.70
91 92 542 98
1626 20 85 236 0.17
93 143 41 39
1627 35 96 200 0.97
77 256 319 92
1628 16 148 272 3.83
147 161 813 147
1629 15 2 245 0.10
19 19 94 16
1630 76 18 288 2.45
639 115 118 124
1631 8 13 151 6.78
638 843 235 230
1632 54 4 162 0.48
50 288 48 54
1633 35 44 262 0.31
216 44 49 53
1634 63 17 260 0.13
152 26 29 26
1635 59 38 285 3.37
736 118 119 132
1636 5 45 256 11.50
284 322 711 1195
1637 63 89 288 1.73
82 84 92 517
1638 105 76 257 3.32
149 133 140 735
1639 32 12 260 1.14
83 94 442 77
1640 15 51 194 0.10
13 12 80 13
1641 20 14 281 0.10
0 0 0 0
1642 5 112 200 25.35
485 773 1347 1364
1643 41 149 261 7.54
909 666 290 260
1644 20 77 257 1.02
76 403 77 71
1645 0 12 281 0.10
1 7 1 1
1646 27 168 258 1.04
426 69 70 66
1647 35 184 265 0.10
18 16 93 18
1648 8 41 238 0.10
49 10 9 11
1649 21 118 251 3.17
135 134 130 713
1650 71 40 245 0.10
17 77 17 16
1651 18 82 266 15.58
963 1337 379 337
1652 2 0 51 0.10
8 36 8 8
1653 1 0 22 0.10
19 4 4 4
1654 24 9 152 0.10
15 2 2 2
1655 11 3 199 8.04
977 601 267 267
1656 59 132 233 4.30
180 838 163 148
1657 44 17 250 4.94
213 591 671 224
1658 12 207 238 0.66
66 61 70 322
1659 22 72 278 19.94
393 1144 1389 384
1660 69 30 250 0.14
32 34 32 144
1661 2 0 225 4.08
207 186 563 572
1662 5 9 229 0.10
41 7 7 6
1663 18 3 182 1.69
522 97 93 84
1664 51 18 286 0.10
43 11 10 11
1665 3 39 201 3.61
156 147 136 766
1666 8 62 273 14.16
344 1088 1024 309
1667 31 9 209 2.15
104 107 127 586
1668 2 155 165 3.90
774 164 160 174
1669 13 15 267 1.60
103 494 120 94
1670 27 16 229 1.34
99 91 471 89
1671 1 25 248 0.95
404 62 64 71
1672 3 34 170 0.20
31 33 35 181
1673 21 69 227 0.32
51 42 45 220
1674 18 32 139 2.98
357 616 148 138
1675 58 111 217 0.87
376 67 71 78
1676 2 28 288 2.20
103 95 102 612
1677 17 12 230 0.10
22 22 22 100
1678 49 137 288 0.10
105 18 17 20
1679 17 60 282 0.20
37 40 55 175
1680 22 135 279 0.77
59 64 369 64
1681 9 13 33 4.03
138 813 147 152
1682 3 0 40 0.10
16 14 15 81
1683 55 16 284 0.33
41 230 43 39
1684 16 15 176 0.83
358 74 74 64
1685 31 145 284 0.24
39 39 38 193
1686 19 39 285 15.67
333 406 1434 689
1687 45 5 111 0.20
176 36 37 40
1688 51 15 244 6.51
170 207 184 1008
1689 44 91 248 2.40
110 654 95 111
1690 4 139 158 7.94
178 1191 179 208
1691 54 38 224 0.68
65 335 59 58
1692 1 7 53 0.15
31 31 154 31
1693 45 75 279 0.10
6 5 6 19
1694 29 67 121 1.21
444 97 96 91
1695 4 172 265 0.22
29 188 27 31
1696 18 50 278 5.59
158 177 162 975
1697 21 111 274 9.48
246 256 742 1011
1698 10 143 283 1.71
559 93 82 97
1699 0 71 174 0.22
199 36 36 35
1700 6 83 261 1.71
127 354 391 120
1701 34 78 273 2.96
552 418 159 173
1702 58 131 273 7.27
220 218 877 695
1703 28 117 239 0.10
20 22 20 130
1704 81 97 204 0.38
40 40 245 42
1705 14 0 192 4.21
132 159 822 133
1706 25 0 251 0.10
0 0 0 0
1707 10 72 90 3.96
814 136 135 139
1708 118 7 171 8.74
192 178 187 1189
1709 22 15 138 0.64
61 58 51 311
1710 3 34 288 0.15
31 31 159 26
1711 26 13 166 2.89
118 133 132 683
1712 39 2 90 1.27
93 86 104 459
1713 22 25 287 3.38
136 739 124 119
1714 5 17 288 0.24
200 35 40 34
1715 155 19 288 0.10
55 10 12 11
1716 3 4 160 0.67
66 323 73 79
1717 3 60 272 6.23
210 192 473 903
1718 6 40 249 1.36
79 90 95 463
1719 5 8 287 0.34
180 150 58 51
1720 9 242 282 0.31
235 38 42 39
1721 11 2 279 0.10
19 21 18 91
1722 8 68 282 2.67
660 115 103 122
1723 10 123 226 0.76
72 71 140 323
1724 2 0 189 0.95
68 415 64 68
1725 17 95 288 2.25
87 92 626 88
1726 44 15 248 0.92
61 59 407 58
1727 2 94 140 0.84
61 375 67 61
1728 23 92 252 0.10
4 4 4 24
1729 7 10 237 1.57
105 98 131 492
1730 41 2 71 0.11
27 30 55 123
1731 44 151 241 0.85
381 69 60 65
1732 5 37 243 0.10
7 8 8 45
1733 3 83 253 0.10
20 20 120 21
1734 59 4 179 4.41
133 134 160 836
1735 6 63 285 0.10
6 19 6 6
1736 2 201 285 1.57
490 92 86 86
1737 1 19 193 0.33
43 239 52 44
1738 20 246 288 0.10
10 11 59 10
1739 9 2 143 2.35
106 624 128 110
1740 17 107 182 6.09
1014 184 188 168
1741 3 1 280 1.19
443 82 80 83
1742 25 34 262 0.62
323 55 60 61
1743 15 143 158 0.10
2 7 2 2
1744 10 45 286 0.86
72 72 65 356
1745 46 35 283 0.17
34 36 125 115
1746 5 83 185 4.76
180 192 793 424
1747 6 12 105 3.78
791 125 131 145
1748 60 0 213 0.10
9 38 8 9
1749 8 26 287 2.17
112 590 115 116
1750 41 8 79 10.57
301 286 555 1255
1751 17 133 209 0.41
252 52 48 50
1752 6 81 284 22.31
1057 1516 798 436
1753 93 5 217 0.10
1 1 1 6
1754 21 94 156 0.27
42 41 206 42
1755 22 13 76 0.10
22 24 23 124
1756 11 179 288 4.05
641 548 156 181
1757 1 6 96 0.77
71 144 327 77
1758 73 113 278 0.30
48 40 223 42
1759 31 14 97 2.03
115 368 443 126
1760 64 1 193 0.10
11 61 11 13
1761 104 11 288 1.94
115 125 498 259
1762 17 5 269 1.60
488 203 99 88
1763 2 110 180 3.14
154 719 215 144
1764 67 18 134 0.10
6 1 1 1
1765 21 66 218 5.67
169 190 164 975
1766 44 21 174 0.10
111 17 17 20
1767 123 28 226 2.70
113 677 124 126
1768 6 133 288 0.29
43 41 40 220
1769 27 6 288 1.11
72 69 73 420
1770 5 3 235 1.42
477 95 86 86
1771 8 55 242 0.22
37 40 185 38
1772 8 29 287 0.46
55 48 56 266
1773 1 3 114 0.16
161 31 33 27
1774 46 42 279 0.10
73 14 13 14
1775 15 0 148 2.88
139 444 516 147
1776 65 101 272 0.26
209 34 39 36
1777 139 46 288 0.10
13 78 14 15
1778 3 187 234 0.11
22 131 19 21
1779 17 45 275 0.10
12 77 15 12
1780 12 30 261 13.45
300 322 547 1406
1781 121 46 265 0.16
34 37 117 118
1782 1 62 82 0.10
10 16 58 9
1783 1 26 273 1.24
88 439 171 91
1784 11 3 216 9.19
296 282 1125 532
1785 10 35 284 2.47
140 137 154 614
1786 19 159 264 1.23
236 390 115 102
1787 8 33 184 0.10
97 19 20 19
1788 25 20 216 0.18
170 34 31 35
1789 7 69 230 10.94
252 263 1279 495
1790 33 66 288 0.12
25 25 23 137
1791 13 145 271 8.24
216 213 1055 562
1792 90 143 288 1.84
100 544 92 91
1793 27 231 288 3.49
749 163 154 144
1794 47 50 194 0.39
57 126 219 62
1795 63 6 91 0.10
96 17 18 15
1796 71 63 172 0.10
6 6 43 6
1797 37 15 243 3.41
151 739 149 151
1798 19 10 134 1.68
523 104 90 105
1799 54 53 251 0.10
10 41 9 10
1800 9 19 195 0.11
137 31 29 29
1801 37 33 250 6.19
411 932 223 191
1802 75 14 240 2.49
113 119 113 673
1803 11 25 241 4.16
159 182 574 620
1804 38 51 127 3.90
178 179 576 573
1805 35 99 246 0.48
42 41 288 42
1806 9 65 268 0.40
54 48 49 258
1807 36 222 288 2.09
111 568 129 110
1808 12 43 284 0.16
29 154 34 34
1809 59 9 206 0.75
63 346 61 65
1810 21 2 153 1.21
90 422 155 86
1811 2 23 174 9.76
287 1143 545 303
1812 25 25 274 1.49
450 232 95 107
1813 6 199 247 2.30
129 120 109 604
1814 22 4 265 5.81
218 198 933 344
1815 21 16 285 0.10
7 7 33 8
1816 24 138 271 0.10
12 50 11 11
1817 10 19 281 0.41
265 45 48 53
1818 1 16 265 1.35
94 92 87 461
1819 42 117 227 0.35
41 48 246 44
1820 28 210 269 0.10
25 25 25 113
1821 26 32 262 0.10
6 7 27 7
1822 10 82 128 0.33
44 42 234 46
1823 49 45 106 0.16
33 31 31 156
1824 35 27 246 3.11
155 606 366 157
1825 17 187 265 7.49
206 203 183 1117
1826 27 80 280 2.33
126 322 528 124
1827 3 146 288 12.40
640 1301 310 303
1828 76 36 266 0.23
199 30 31 29
1829 18 1 57 0.17
170 34 32 31
1830 52 110 239 1.73
100 93 544 103
1831 13 23 287 0.49
229 164 66 59
1832 21 6 191 1.43
84 87 117 476
1833 71 73 222 0.26
41 40 42 200
1834 75 12 171 2.48
351 512 143 165
1835 2 60 262 0.75
66 81 118 327
1836 165 74 250 1.04
432 78 83 74
1837 59 49 171 0.10
17 17 101 16
1838 51 160 284 0.13
21 23 150 21
1839 5 58 263 4.77
871 157 160 156
1840 109 59 244 0.10
13 12 14 76
1841 6 33 285 0.40
257 51 43 49
1842 31 158 244 0.67
64 333 62 58
1843 3 111 150 0.76
67 65 59 354
1844 40 37 286 5.04
205 918 156 162
1845 7 139 281 0.10
5 30 5 5
1846 15 91 175 15.01
296 900 1308 291
1847 25 1 211 0.12
28 138 33 30
1848 19 0 120 0.10
20 21 19 84
1849 10 27 230 9.09
561 1136 281 271
1850 6 0 184 0.46
58 53 56 257
1851 9 146 191 0.33
54 55 124 195
1852 61 24 277 0.10
0 0 0 0
1853 55 79 252 0.54
51 47 56 299
1854 5 190 263 0.50
44 44 299 48
1855 3 123 134 1.68
540 83 79 80
1856 42 61 242 0.58
59 53 58 295
1857 1 132 288 0.30
172 133 55 58
1858 35 21 136 10.33
282 486 1196 321
1859 25 0 60 20.89
1284 1281 450 454
1860 57 213 288 0.37
38 257 47 40
1861 28 15 101 2.49
100 113 633 99
1862 20 10 283 3.87
826 166 137 146
1863 9 222 277 2.33
649 107 96 102
1864 21 121 253 0.48
54 55 287 51
1865 0 36 287 2.05
103 586 156 106
1866 13 0 65 0.88
66 65 72 377
1867 27 194 255 0.63
54 59 60 313
1868 12 134 209 18.96
371 412 1503 881
1869 90 31 215 0.10
23 24 24 99
1870 122 19 288 3.59
777 125 145 143
1871 8 30 123 4.12
131 834 127 148
1872 58 105 216 1.36
100 103 95 439
1873 3 108 276 0.18
178 27 27 25
1874 5 189 288 1.57
507 98 82 98
1875 25 13 225 0.16
33 34 31 158
1876 9 3 237 4.09
826 122 130 143
1877 33 97 244 0.84
370 68 83 69
1878 3 172 287 20.33
416 638 1422 1068
1879 39 19 259 0.24
35 36 39 196
1880 13 49 138 2.50
134 122 647 132
1881 14 20 65 5.94
954 301 188 182
1882 16 36 220 1.12
76 411 78 71
1883 20 15 160 11.54
343 335 1085 779
1884 4 31 234 0.49
63 58 55 278
1885 1 58 254 13.27
298 269 1339 653
1886 43 38 148 0.30
49 144 174 44
1887 18 92 274 2.11
93 99 603 90
1888 25 82 246 0.21
192 28 30 26
1889 5 75 204 0.10
7 31 7 7
1890 71 63 178 0.26
49 49 201 45
1891 17 16 104 0.47
50 42 49 273
1892 5 18 192 0.71
68 316 104 79
1893 17 49 199 0.10
12 62 13 13
1894 21 105 247 0.25
33 34 202 40
1895 17 27 183 3.38
741 142 122 148
1896 18 66 98 0.10
25 25 97 23
1897 88 58 281 0.10
5 24 5 5
1898 1 4 133 6.31
483 862 236 248
1899 10 190 279 0.10
13 47 13 11
1900 44 224 285 0.10
10 10 11 55
1901 3 164 288 0.10
16 88 17 17
1902 53 16 271 0.89
80 82 74 356
1903 25 21 280 17.35
330 453 1433 814
1904 101 8 238 0.10
63 12 13 12
1905 6 38 270 2.04
578 106 111 96
1906 1 0 125 32.38
1433 1604 1041 488
1907 9 38 172 15.18
1390 651 283 338
1908 4 23 217 0.21
33 34 186 39
1909 53 171 254 0.10
7 7 40 7
1910 23 184 287 0.10
24 24 22 118
1911 47 74 197 0.11
133 25 25 26
1912 11 94 263 0.24
35 201 32 39
1913 25 105 280 0.10
9 9 10 54
1914 66 83 247 3.12
112 719 119 113
1915 29 131 288 0.10
23 24 24 112
1916 127 9 201 0.10
5 6 6 28
1917 0 50 118 0.86
71 378 70 73
1918 4 87 247 2.48
135 128 615 198
1919 12 59 263 0.10
7 35 7 7
1920 4 273 281 5.16
927 175 174 186
1921 8 30 115 0.92
70 389 94 71
1922 59 165 283 1.56
497 94 105 96
1923 21 0 285 0.23
44 38 43 188
1924 20 133 275 1.61
73 86 73 511
1925 6 9 222 0.10
105 17 16 16
1926 43 15 245 0.10
2 6 2 2
1927 21 134 225 0.36
44 40 249 48
1928 12 29 212 0.42
52 260 57 57
1929 11 73 146 0.65
60 325 67 61
1930 103 47 219 0.10
69 11 12 13
1931 1 63 187 1.20
82 441 89 91
1932 6 0 142 7.76
1183 217 208 189
1933 4 53 279 8.99
346 1145 253 211
1934 7 29 249 0.79
67 359 80 72
1935 15 72 232 7.66
214 246 1112 202
1936 69 12 257 0.17
160 33 36 33
1937 107 22 248 0.10
18 19 84 20
1938 8 106 218 8.22
233 278 894 692
1939 10 219 243 9.94
264 261 1146 538
1940 13 31 149 0.10
15 75 16 16
1941 122 55 217 0.75
68 74 76 340
1942 12 49 74 0.23
33 39 199 35
1943 30 0 282 3.82
143 145 137 783
1944 43 187 279 0.13
26 27 146 29
1945 74 13 164 0.10
9 10 50 9
1946 31 51 281 2.74
119 218 654 127
1947 22 25 222 1.84
89 547 98 86
1948 13 111 263 5.74
1013 156 181 171
1949 54 44 287 0.17
28 28 172 27
1950 30 1 67 2.38
122 476 396 129
1951 53 0 191 6.00
970 268 185 198
1952 19 198 250 0.93
68 79 82 380
1953 176 28 288 0.10
50 7 7 7
1954 35 91 239 0.10
24 28 91 63
1955 7 66 194 1.36
101 81 84 453
1956 0 59 275 0.38
41 44 256 44
1957 8 198 269 0.18
168 31 34 35
1958 8 212 281 0.20
182 28 34 31
1959 7 56 109 1.25
75 452 81 81
1960 11 18 160 8.96
217 305 1169 241
1961 96 0 288 0.41
264 47 54 53
1962 6 0 21 11.56
443 1283 437 276
1963 25 24 132 1.41
453 182 107 106
1964 126 109 269 0.10
69 10 10 11
1965 162 44 267 0.33
37 41 35 236
1966 54 8 187 0.38
258 43 39 37
1967 35 24 157 1.54
81 89 519 79
1968 6 95 273 0.10
8 8 33 8
1969 28 31 212 0.10
2 2 6 2
1970 58 73 209 0.50
50 51 54 282
1971 6 57 254 0.74
64 59 350 58
1972 72 145 288 1.74
89 106 89 514
1973 9 166 247 3.14
138 195 677 149
1974 31 204 288 0.10
126 28 25 23
1975 14 16 265 0.10
2 7 2 2
1976 17 125 202 0.40
54 256 47 45
1977 27 43 279 13.15
428 1192 729 358
1978 2 18 95 0.23
37 40 41 192
1979 4 112 288 20.81
1429 1158 440 381
1980 19 167 270 0.88
79 72 108 361
1981 12 161 287 0.38
50 46 48 251
1982 13 1 288 18.58
370 689 1369 909
1983 21 168 235 0.25
204 36 36 38
1984 20 73 219 0.10
27 30 35 121
1985 49 2 169 0.59
71 310 62 62
1986 58 182 288 1.14
432 73 69 71
1987 1 31 248 3.81
790 136 143 145
1988 13 152 268 0.10
17 42 9 9
1989 168 27 288 0.88
376 77 75 81
1990 16 8 279 0.10
23 26 26 99
1991 3 88 189 0.10
16 17 15 84
1992 75 26 183 2.07
570 97 114 116
1993 36 12 268 6.82
200 189 201 1030
1994 15 157 255 8.57
225 1190 226 222
1995 9 269 288 1.67
115 114 501 154
1996 30 1 52 9.75
707 1079 282 259
1997 72 175 283 1.08
418 84 76 76
1998 20 101 252 0.41
47 49 42 258
1999 9 85 248 0.15
29 159 29 25
